SYMBOL,SERIES,OPEN,HIGH,LOW,CLOSE,LAST,PREVCLOSE,TOTTRDQTY,TOTTRDVAL,TIMESTAMP,TOTALTRADES,ISIN,
JISLJALEQS,EQ,69.3,72.4,68.55,71,72.2,69.1,2568252,180063106.4,01-JAN-2016,8823,INE175A01038,
JISLJALEQS,EQ,72,78.1,72,74.4,74.25,71,16707834,1256425736.4,04-JAN-2016,46167,INE175A01038,
JISLJALEQS,EQ,74.5,76.9,72.45,75.2,74.95,74.4,7153245,535059368,05-JAN-2016,21928,INE175A01038,
JISLJALEQS,EQ,75,77.15,73.35,74.75,74.65,75.2,4267233,321730614.7,06-JAN-2016,15050,INE175A01038,
JISLJALEQS,EQ,73.2,73.6,70.6,71.1,71.2,74.75,4162276,298708933.15,07-JAN-2016,14608,INE175A01038,
JISLJALEQS,EQ,71.8,73.75,71.8,72.7,72.85,71.1,2890248,210116938.9,08-JAN-2016,11493,INE175A01038,
JISLJALEQS,EQ,71.05,73.3,71,72.3,72.15,72.7,2726497,197361303.9,11-JAN-2016,14789,INE175A01038,
JISLJALEQS,EQ,72.7,73.6,70,71.25,71.5,72.3,3521542,252460565.8,12-JAN-2016,17428,INE175A01038,
JISLJALEQS,EQ,71.75,72.4,64.85,69,68.55,71.25,6248072,429438482.05,13-JAN-2016,16223,INE175A01038,
JISLJALEQS,EQ,68,68,64.75,65.45,65.5,69,3470430,229939073.4,14-JAN-2016,16462,INE175A01038,
JISLJALEQS,EQ,66,66.65,60.55,61.5,61.25,65.45,4301203,273715916,15-JAN-2016,12779,INE175A01038,
JISLJALEQS,EQ,61.25,61.85,56.65,59,58.4,61.5,4247712,250294826.15,18-JAN-2016,11108,INE175A01038,
JISLJALEQS,EQ,58.95,60.65,57.65,58.8,59.55,59,3435153,202956304.9,19-JAN-2016,10144,INE175A01038,
JISLJALEQS,EQ,57.95,57.95,53.65,56.35,57.5,58.8,6408217,357810043.2,20-JAN-2016,20969,INE175A01038,
JISLJALEQS,EQ,57.6,58.95,55.85,58.05,58.4,56.35,4053955,232067783.75,21-JAN-2016,10974,INE175A01038,
JISLJALEQS,EQ,59.8,61.45,59.1,60.9,60.75,58.05,3815033,230761546.45,22-JAN-2016,14158,INE175A01038,
JISLJALEQS,EQ,61.5,62.8,60.3,61.5,61.55,60.9,2469937,152460927.35,25-JAN-2016,7245,INE175A01038,
JISLJALEQS,EQ,62.25,62.35,61.2,62.1,62.1,61.5,2310482,142970054.05,27-JAN-2016,10388,INE175A01038,
JISLJALEQS,EQ,62,63.7,61.55,62.55,62.9,62.1,4597056,287837685.75,28-JAN-2016,10388,INE175A01038,
JISLJALEQS,EQ,63.5,64.75,62.1,63.9,63.75,62.55,4497153,285832219.55,29-JAN-2016,15001,INE175A01038,
JISLJALEQS,EQ,64.75,66.35,63.7,65.35,65.4,63.9,3053594,199303975.9,01-FEB-2016,10402,INE175A01038,
JISLJALEQS,EQ,65.1,65.7,62.4,62.6,62.65,65.35,2332228,149553358.45,02-FEB-2016,9227,INE175A01038,
JISLJALEQS,EQ,62.1,62.4,59.1,59.85,59.8,62.6,2599568,156357032.9,03-FEB-2016,8862,INE175A01038,
JISLJALEQS,EQ,60.6,62.6,59.15,60.05,60.75,59.85,3918297,238985448.8,04-FEB-2016,9232,INE175A01038,
JISLJALEQS,EQ,60.65,62.15,60.4,61.85,61.95,60.05,1755984,107920517.35,05-FEB-2016,6009,INE175A01038,
JISLJALEQS,EQ,62.1,63.8,61.35,61.8,61.5,61.85,2970320,186321222.85,08-FEB-2016,7837,INE175A01038,
JISLJALEQS,EQ,61.05,61.5,58.4,59.25,59.35,61.8,4198457,250255827.4,09-FEB-2016,13641,INE175A01038,
JISLJALEQS,EQ,58.95,59.55,57.5,58.5,58.45,59.25,2976893,173966515.15,10-FEB-2016,9872,INE175A01038,
JISLJALEQS,EQ,58,58.75,52.8,54.4,54.7,58.5,6452897,360169660,11-FEB-2016,26359,INE175A01038,
JISLJALEQS,EQ,55,55.4,50.35,52.75,52.2,54.4,5570378,292466124.15,12-FEB-2016,15695,INE175A01038,
JISLJALEQS,EQ,54,55.25,53.05,53.4,53.3,52.75,5304324,287243004.35,15-FEB-2016,15752,INE175A01038,
JISLJALEQS,EQ,54.4,54.4,50.3,50.65,50.4,53.4,4096377,213681823.6,16-FEB-2016,11696,INE175A01038,
JISLJALEQS,EQ,50.95,51,46.8,47.9,48.45,50.65,7777824,373967660.05,17-FEB-2016,20500,INE175A01038,
JISLJALEQS,EQ,48.9,53.7,48.2,52.4,52.45,47.9,8352360,425106888.1,18-FEB-2016,23323,INE175A01038,
JISLJALEQS,EQ,52.45,54.4,51.65,53.5,53.75,52.4,3599306,191979108.5,19-FEB-2016,11732,INE175A01038,
JISLJALEQS,EQ,54,55.4,53.7,54.95,54.8,53.5,3368947,184143508.8,22-FEB-2016,12662,INE175A01038,
JISLJALEQS,EQ,55.65,55.9,54,54.35,54.1,54.95,4824039,264820712.05,23-FEB-2016,14424,INE175A01038,
JISLJALEQS,EQ,53.8,55.45,53.2,54.9,55.2,54.35,3424369,187038354.2,24-FEB-2016,11531,INE175A01038,
JISLJALEQS,EQ,55.55,55.8,54.35,54.75,54.9,54.9,5213684,286983756.1,25-FEB-2016,12610,INE175A01038,
JISLJALEQS,EQ,55.55,56.4,53.55,56.05,56.25,54.75,6140370,340381230.5,26-FEB-2016,17721,INE175A01038,
JISLJALEQS,EQ,56.65,60.2,54.15,54.55,54.35,56.05,20595941,1171089308.6,29-FEB-2016,59607,INE175A01038,
JISLJALEQS,EQ,54.95,55.9,54.4,55.3,55.4,54.55,6849736,378313819.5,01-MAR-2016,15151,INE175A01038,
JISLJALEQS,EQ,56,57.45,55.6,55.9,56,55.3,4767160,269338886.1,02-MAR-2016,12683,INE175A01038,
JISLJALEQS,EQ,56.5,56.75,54.85,56.35,56.35,55.9,3361127,187845264.95,03-MAR-2016,9025,INE175A01038,
JISLJALEQS,EQ,56.35,57.4,55.5,56.25,56.35,56.35,3066895,173285265.55,04-MAR-2016,9436,INE175A01038,
JISLJALEQS,EQ,56.75,58.2,56.1,57.6,57.45,56.25,4136511,236054871.3,08-MAR-2016,10869,INE175A01038,
JISLJALEQS,EQ,57.6,59.15,57.25,58.45,58.8,57.6,4183040,243443284.1,09-MAR-2016,17578,INE175A01038,
JISLJALEQS,EQ,58.9,59.7,57.5,57.9,58.35,58.45,2670464,156374820.6,10-MAR-2016,7201,INE175A01038,
JISLJALEQS,EQ,58.15,58.75,57.1,57.85,57.6,57.9,3007943,173802469.55,11-MAR-2016,4967,INE175A01038,
JISLJALEQS,EQ,58.5,58.8,55.8,56.05,55.9,57.85,2512767,142911477.25,14-MAR-2016,13210,INE175A01038,
JISLJALEQS,EQ,56.05,57.15,55.5,55.7,55.75,56.05,2970770,166898650.4,15-MAR-2016,8963,INE175A01038,
JISLJALEQS,EQ,55.85,56.3,54.5,54.9,54.7,55.7,2239710,123713630.35,16-MAR-2016,5840,INE175A01038,
JISLJALEQS,EQ,55.55,57.05,55.25,55.7,55.6,54.9,3556007,199975569.4,17-MAR-2016,8894,INE175A01038,
JISLJALEQS,EQ,56.45,57.1,55.05,56.6,56.6,55.7,3839559,215334412.65,18-MAR-2016,11882,INE175A01038,
JISLJALEQS,EQ,56.8,57.3,56.1,56.5,56.4,56.6,3552381,201042248.9,21-MAR-2016,7293,INE175A01038,
JISLJALEQS,EQ,56.6,57.45,56.2,56.55,56.5,56.5,2401661,136539037.85,22-MAR-2016,6541,INE175A01038,
JISLJALEQS,EQ,56.5,57.9,56.05,56.3,56.2,56.55,2646987,150363806.3,23-MAR-2016,5310,INE175A01038,
JISLJALEQS,EQ,56.55,59.5,56.55,57.25,57.55,56.3,8635956,503356911.95,28-MAR-2016,19281,INE175A01038,
JISLJALEQS,EQ,57.45,58.35,56.55,56.85,56.85,57.25,2774833,159042520.75,29-MAR-2016,6322,INE175A01038,
JISLJALEQS,EQ,57.5,59.1,57.15,58.65,58.75,56.85,4879935,283873988.1,30-MAR-2016,9132,INE175A01038,
JISLJALEQS,EQ,59.1,60.9,59.1,60.3,59.85,58.65,15010368,905186547.1,31-MAR-2016,26738,INE175A01038,
JISLJALEQS,EQ,60,61.35,59.55,60.35,60.35,60.3,3934481,238152433.5,01-APR-2016,9299,INE175A01038,
JISLJALEQS,EQ,60.6,60.8,59.2,59.65,59.65,60.35,1504358,89779941.4,04-APR-2016,4720,INE175A01038,
JISLJALEQS,EQ,59.75,60,57.65,58.1,57.9,59.65,2173062,127794748.2,05-APR-2016,7862,INE175A01038,
JISLJALEQS,EQ,58.4,60,57.8,59.7,59.95,58.1,2199019,130251724.35,06-APR-2016,6160,INE175A01038,
JISLJALEQS,EQ,59.9,60.25,58.85,59.05,59,59.7,1518919,90572002.05,07-APR-2016,5597,INE175A01038,
JISLJALEQS,EQ,59.2,59.85,58.5,58.9,59.3,59.05,1438832,85074081.1,08-APR-2016,3874,INE175A01038,
JISLJALEQS,EQ,58.9,59.75,58.6,59.5,59.55,58.9,2521251,149350975.75,11-APR-2016,5521,INE175A01038,
JISLJALEQS,EQ,59.85,64.4,59.7,63.1,63.3,59.5,9017203,569859590.05,12-APR-2016,30163,INE175A01038,
JISLJALEQS,EQ,64.4,65.25,63.5,63.65,63.7,63.1,4800900,308782289.85,13-APR-2016,14518,INE175A01038,
JISLJALEQS,EQ,63.9,65.4,63.25,64.8,64.5,63.65,3810879,246107453.7,18-APR-2016,14200,INE175A01038,
JISLJALEQS,EQ,65.45,66.75,65.05,66.4,66.35,64.8,3887526,256181139.1,20-APR-2016,12325,INE175A01038,
JISLJALEQS,EQ,66.9,67.25,64.85,65.15,64.95,66.4,2081672,137293235.2,21-APR-2016,6602,INE175A01038,
JISLJALEQS,EQ,65,65.9,64.35,64.8,64.9,65.15,2950015,192099044.85,22-APR-2016,11341,INE175A01038,
JISLJALEQS,EQ,65.05,65.4,62.3,63.05,63,64.8,2492950,158167156.9,25-APR-2016,12576,INE175A01038,
JISLJALEQS,EQ,63.35,64.45,62.45,63.85,64.1,63.05,2146862,136245008.3,26-APR-2016,8208,INE175A01038,
JISLJALEQS,EQ,64.15,64.5,63,63.6,63.45,63.85,1605985,102454288.45,27-APR-2016,7796,INE175A01038,
JISLJALEQS,EQ,63.5,64.2,61.4,61.65,61.7,63.6,4241285,264061219.15,28-APR-2016,11376,INE175A01038,
JISLJALEQS,EQ,61.6,62.45,59.9,61.1,61.2,61.65,2149478,131361150.85,29-APR-2016,6953,INE175A01038,
JISLJALEQS,EQ,61.05,62.5,60.4,62.15,62.25,61.1,2003112,123830601.85,02-MAY-2016,5802,INE175A01038,
JISLJALEQS,EQ,62.45,64.15,62.35,63.45,63.45,62.15,4277752,271295907.45,03-MAY-2016,20720,INE175A01038,
JISLJALEQS,EQ,63.05,64.7,62.5,63.7,63.5,63.45,3821871,244541379.3,04-MAY-2016,16584,INE175A01038,
JISLJALEQS,EQ,63.7,64.1,62.05,62.75,62.75,63.7,1545433,97370390.6,05-MAY-2016,6594,INE175A01038,
JISLJALEQS,EQ,62.5,66.35,62.4,65.9,65.7,62.75,4857593,316716480.95,06-MAY-2016,18228,INE175A01038,
JISLJALEQS,EQ,66.5,67,65,66.7,66.7,65.9,3243529,215519046.55,09-MAY-2016,11150,INE175A01038,
JISLJALEQS,EQ,67.2,72,67.2,67.8,67.85,66.7,13379219,937574825.7,10-MAY-2016,43860,INE175A01038,
JISLJALEQS,EQ,66.95,68.9,65.9,67.25,67.25,67.8,3772480,254413867.6,11-MAY-2016,13381,INE175A01038,
JISLJALEQS,EQ,67.5,68.05,66.75,67.3,67.45,67.25,1446259,97516806.65,12-MAY-2016,6346,INE175A01038,
JISLJALEQS,EQ,67.45,67.6,66,66.5,66.4,67.3,1613762,107588598.65,13-MAY-2016,6852,INE175A01038,
JISLJALEQS,EQ,67,67,64.75,65.8,65.95,66.5,1876561,122785390.5,16-MAY-2016,5888,INE175A01038,
JISLJALEQS,EQ,66.1,68.2,65.8,66.95,67,65.8,2555142,171674383.6,17-MAY-2016,9123,INE175A01038,
JISLJALEQS,EQ,66.65,67.1,66,66.45,66.25,66.95,1083860,72079146,18-MAY-2016,3710,INE175A01038,
JISLJALEQS,EQ,67,67.35,64.85,65.15,64.95,66.45,1757810,116252697.35,19-MAY-2016,6460,INE175A01038,
JISLJALEQS,EQ,65.1,65.75,63.55,63.9,64.2,65.15,1509779,97198432.5,20-MAY-2016,5996,INE175A01038,
JISLJALEQS,EQ,64.4,64.5,62.8,63.05,62.95,63.9,1369709,87108296.5,23-MAY-2016,5616,INE175A01038,
JISLJALEQS,EQ,63.3,64.6,62.5,64.1,64.25,63.05,1317847,83704346.75,24-MAY-2016,5452,INE175A01038,
JISLJALEQS,EQ,65.15,65.7,64,65.1,65.05,64.1,3218427,209173473.45,25-MAY-2016,12352,INE175A01038,
JISLJALEQS,EQ,65.1,66.85,65,66.3,66.45,65.1,1431599,94158301.3,26-MAY-2016,4695,INE175A01038,
JISLJALEQS,EQ,66.5,68.15,66.25,67.1,67.15,66.3,2063413,138833917.4,27-MAY-2016,7308,INE175A01038,
JISLJALEQS,EQ,67.65,67.9,66.85,67.5,67.6,67.1,1677799,113124142.4,30-MAY-2016,5218,INE175A01038,
JISLJALEQS,EQ,67.45,67.45,63.75,64.55,64.4,67.5,3385067,220175308.65,31-MAY-2016,15960,INE175A01038,
JISLJALEQS,EQ,64.15,65,63.5,64.25,64.4,64.55,1608302,103305063.15,01-JUN-2016,6383,INE175A01038,
JISLJALEQS,EQ,64.2,65.4,63.55,65.05,65,64.25,1016460,65556619.45,02-JUN-2016,5779,INE175A01038,
JISLJALEQS,EQ,65.65,66,64,64.75,64.8,65.05,1390820,90541523.3,03-JUN-2016,4826,INE175A01038,
JISLJALEQS,EQ,64.55,66,64.15,65.55,65.8,64.75,1403612,91609958.55,06-JUN-2016,5186,INE175A01038,
JISLJALEQS,EQ,66.2,66.85,65.65,66.4,66.3,65.55,1446931,96021043.7,07-JUN-2016,6743,INE175A01038,
JISLJALEQS,EQ,66.65,69,65.8,68.35,68.35,66.4,3593117,244378210,08-JUN-2016,12739,INE175A01038,
JISLJALEQS,EQ,68.6,69.15,67.2,67.9,67.9,68.35,2105779,143621588.75,09-JUN-2016,7269,INE175A01038,
JISLJALEQS,EQ,67.8,68.95,66.25,66.45,66.3,67.9,2391731,161033613.8,10-JUN-2016,6558,INE175A01038,
JISLJALEQS,EQ,66,68.25,65.45,67.65,67.5,66.45,4347736,291917633.5,13-JUN-2016,11402,INE175A01038,
JISLJALEQS,EQ,67.85,68.05,66.5,67.25,67,67.65,2703805,181999141.9,14-JUN-2016,8398,INE175A01038,
JISLJALEQS,EQ,67.5,68.45,67.05,68.2,68.05,67.25,2862060,193801201.35,15-JUN-2016,8727,INE175A01038,
JISLJALEQS,EQ,68.05,68.4,66.35,67.7,67.55,68.2,2937344,198328195.75,16-JUN-2016,9012,INE175A01038,
JISLJALEQS,EQ,68.2,68.6,67.5,67.95,67.65,67.7,2821951,191785342.55,17-JUN-2016,10051,INE175A01038,
JISLJALEQS,EQ,67.3,68.7,67,68.15,68.1,67.95,2701393,184075257.2,20-JUN-2016,9844,INE175A01038,
JISLJALEQS,EQ,68.25,68.75,67.05,67.4,67.35,68.15,1702807,115493414.45,21-JUN-2016,6650,INE175A01038,
JISLJALEQS,EQ,67.6,68.5,66.55,67,67.05,67.4,2240014,151157443.4,22-JUN-2016,9085,INE175A01038,
JISLJALEQS,EQ,71.3,71.5,69.4,70.5,70.25,67,10107752,711729427,23-JUN-2016,36168,INE175A01038,
JISLJALEQS,EQ,67.05,70.65,65.1,70.05,70,70.5,8640206,589088672.25,24-JUN-2016,28272,INE175A01038,
JISLJALEQS,EQ,70,72.6,69.65,72.1,71.95,70.05,6415689,456270962.95,27-JUN-2016,22579,INE175A01038,
JISLJALEQS,EQ,72.95,74.55,72.7,73.45,73.4,72.1,7883260,582424394.45,28-JUN-2016,24370,INE175A01038,
JISLJALEQS,EQ,73.95,74.65,73.35,73.95,74.1,73.45,4104588,303621990.9,29-JUN-2016,14032,INE175A01038,
JISLJALEQS,EQ,74.5,74.9,73.45,74.5,74.45,73.95,6378222,473584501.85,30-JUN-2016,20111,INE175A01038,
JISLJALEQS,EQ,74.85,75.9,73.7,75.05,75.1,74.5,4237476,317620259.15,01-JUL-2016,16471,INE175A01038,
JISLJALEQS,EQ,75.95,75.95,74.6,74.8,74.9,75.05,3018644,226481379.85,04-JUL-2016,9869,INE175A01038,
JISLJALEQS,EQ,74.9,75.6,73.7,74.05,74,74.8,3291288,245626686.95,05-JUL-2016,9486,INE175A01038,
JISLJALEQS,EQ,74.5,74.95,73.3,73.7,73.9,74.05,3366554,249347845,07-JUL-2016,12306,INE175A01038,
JISLJALEQS,EQ,73.85,74.25,72.45,72.9,72.85,73.7,2031417,148181134.35,08-JUL-2016,12796,INE175A01038,
JISLJALEQS,EQ,73.4,74.15,73.25,73.7,73.6,72.9,2464736,181813061.35,11-JUL-2016,6399,INE175A01038,
JISLJALEQS,EQ,73.9,74.6,72.9,74.2,74.15,73.7,2759998,203362421.55,12-JUL-2016,8343,INE175A01038,
JISLJALEQS,EQ,74.45,74.75,72.4,72.75,72.75,74.2,2586219,189289342.4,13-JUL-2016,9451,INE175A01038,
JISLJALEQS,EQ,72.75,73.9,72.05,73.3,73.25,72.75,3122369,227728125.25,14-JUL-2016,9438,INE175A01038,
JISLJALEQS,EQ,72.5,73.7,71.9,72.2,72.1,73.3,2544649,185272385.3,15-JUL-2016,11423,INE175A01038,
JISLJALEQS,EQ,72.65,73.6,69.5,69.95,69.7,72.2,5134103,369841994.9,18-JUL-2016,15825,INE175A01038,
JISLJALEQS,EQ,69,70.5,68.7,70,70.1,69.95,2992771,208938561.15,19-JUL-2016,7475,INE175A01038,
JISLJALEQS,EQ,69,71.45,69,71.2,71.3,70,3098874,219574512.8,20-JUL-2016,17786,INE175A01038,
JISLJALEQS,EQ,71.3,72,69.6,70.2,70,71.2,3019448,214447059.2,21-JUL-2016,10274,INE175A01038,
JISLJALEQS,EQ,70.2,71,69.1,70.1,70.05,70.2,3341735,234217714.05,22-JUL-2016,15065,INE175A01038,
JISLJALEQS,EQ,70.2,71.05,69.7,70.55,70.7,70.1,4268567,300698842.7,25-JUL-2016,12527,INE175A01038,
JISLJALEQS,EQ,70.65,71.35,69.6,69.95,69.75,70.55,1910877,135109504.25,26-JUL-2016,6945,INE175A01038,
JISLJALEQS,EQ,70,73.95,69.35,73.2,73.5,69.95,6816430,491669955.85,27-JUL-2016,19198,INE175A01038,
JISLJALEQS,EQ,74.2,74.3,71.5,71.85,71.9,73.2,8982189,653853771.55,28-JUL-2016,21914,INE175A01038,
JISLJALEQS,EQ,71.85,72.6,70.65,70.9,70.95,71.85,2947187,210899619.05,29-JUL-2016,9842,INE175A01038,
JISLJALEQS,EQ,71.1,72.15,69.45,70.2,70.05,70.9,4207186,297926087.85,01-AUG-2016,13531,INE175A01038,
JISLJALEQS,EQ,70.4,73.5,70.4,72.95,73,70.2,7372354,532192479.35,02-AUG-2016,24908,INE175A01038,
JISLJALEQS,EQ,73.2,75.1,72.35,73.05,73.1,72.95,12730491,936380862.25,03-AUG-2016,27206,INE175A01038,
JISLJALEQS,EQ,73.9,74.5,73.25,74.05,74,73.05,4134127,305462973.25,04-AUG-2016,14442,INE175A01038,
JISLJALEQS,EQ,74.5,74.9,73.6,74.05,74.05,74.05,2727124,202106776.55,05-AUG-2016,9117,INE175A01038,
JISLJALEQS,EQ,74.5,75.7,73.85,74.55,74.25,74.05,3315429,247568907.1,08-AUG-2016,9083,INE175A01038,
JISLJALEQS,EQ,74.55,77.8,73.85,77.35,77.5,74.55,10248366,783332802.8,09-AUG-2016,27596,INE175A01038,
JISLJALEQS,EQ,77.95,78.45,74.05,74.55,74.25,77.35,8401524,636529534.3,10-AUG-2016,24746,INE175A01038,
JISLJALEQS,EQ,74.5,74.5,71.2,73.1,73.7,74.55,6611156,482528976.65,11-AUG-2016,21216,INE175A01038,
JISLJALEQS,EQ,73.45,74.75,72.9,74.05,74.25,73.1,4745433,351257288.75,12-AUG-2016,17692,INE175A01038,
JISLJALEQS,EQ,76.3,79.15,75.7,78,76.95,74.05,19006119,1475470562.45,16-AUG-2016,50181,INE175A01038,
JISLJALEQS,EQ,77.7,81.9,76.75,81.3,81.2,78,18424037,1475075283.55,17-AUG-2016,50067,INE175A01038,
JISLJALEQS,EQ,81.25,83,79.6,80.15,80.2,81.3,12006204,978660055.05,18-AUG-2016,41745,INE175A01038,
JISLJALEQS,EQ,80.45,81.7,79.85,81.2,81.35,80.15,7367355,596294417.55,19-AUG-2016,18367,INE175A01038,
JISLJALEQS,EQ,81.5,84.5,80.4,83.7,83.5,81.2,13219302,1095165759.1,22-AUG-2016,37939,INE175A01038,
JISLJALEQS,EQ,84.1,84.55,82.5,83.65,83.45,83.7,8677351,727002328.9,23-AUG-2016,39575,INE175A01038,
JISLJALEQS,EQ,83.9,83.9,82.5,83.2,83.1,83.65,5380771,447866944.8,24-AUG-2016,21815,INE175A01038,
JISLJALEQS,EQ,83.65,85.85,82.8,85.4,85.2,83.2,13025604,1107470861.5,25-AUG-2016,46723,INE175A01038,
JISLJALEQS,EQ,85.95,86.7,85.1,86,86.25,85.4,8989666,773041315,26-AUG-2016,33147,INE175A01038,
JISLJALEQS,EQ,85.6,85.8,83.55,84.55,84.6,86,4217600,356180706.3,29-AUG-2016,13257,INE175A01038,
JISLJALEQS,EQ,85,86.4,82.55,83.5,83.5,84.55,10101451,854300931.9,30-AUG-2016,23069,INE175A01038,
JISLJALEQS,EQ,84.35,86,83.85,84.2,84.15,83.5,5904160,500789467.85,31-AUG-2016,15979,INE175A01038,
JISLJALEQS,EQ,84.7,88.4,83.95,87.15,87.65,84.2,7866531,681949510.4,01-SEP-2016,20840,INE175A01038,
JISLJALEQS,EQ,88,89.25,87.7,88.35,88.3,87.15,4683538,414369509.3,02-SEP-2016,15215,INE175A01038,
JISLJALEQS,EQ,88.9,89.9,87.9,89.4,89.1,88.35,5579598,497694510.7,06-SEP-2016,14739,INE175A01038,
JISLJALEQS,EQ,92,97.9,91.9,96.4,96.35,89.4,13579686,1291627483.6,07-SEP-2016,46422,INE175A01038,
JISLJALEQS,EQ,96.55,96.75,93.05,94.85,95,96.4,6785908,641047429.05,08-SEP-2016,29371,INE175A01038,
JISLJALEQS,EQ,94.1,95.6,91.55,92.55,92,94.85,6265648,589215751.3,09-SEP-2016,16917,INE175A01038,
JISLJALEQS,EQ,90.3,90.3,86.65,87.3,87.2,92.55,6529600,576355929.6,12-SEP-2016,26308,INE175A01038,
JISLJALEQS,EQ,87.3,98,87,94.8,94.45,87.3,20576430,1932181453.35,14-SEP-2016,67032,INE175A01038,
JISLJALEQS,EQ,95,99,94.85,98.3,98.7,94.8,13939339,1354480526.55,15-SEP-2016,41411,INE175A01038,
JISLJALEQS,EQ,99.3,101.4,96.35,97.9,98,98.3,17193604,1703797724.1,16-SEP-2016,69049,INE175A01038,
JISLJALEQS,EQ,98.2,99.6,96.15,98.35,98.05,97.9,5546928,543593834.4,19-SEP-2016,29313,INE175A01038,
JISLJALEQS,EQ,97.5,98.75,96.65,97.1,96.9,98.35,2654706,258647875.7,20-SEP-2016,13104,INE175A01038,
JISLJALEQS,EQ,96.25,97,93.25,93.95,94,97.1,5284756,501570247.45,21-SEP-2016,22764,INE175A01038,
JISLJALEQS,EQ,95.2,97,94.45,96.5,96.15,93.95,5283432,507535983.05,22-SEP-2016,20740,INE175A01038,
JISLJALEQS,EQ,97.05,98.45,95.35,96.6,96.7,96.5,3843995,372726841.25,23-SEP-2016,19627,INE175A01038,
JISLJALEQS,EQ,96.6,97.4,94.25,94.7,94.5,96.6,5727115,548641359.85,26-SEP-2016,23484,INE175A01038,
JISLJALEQS,EQ,94.7,95.35,91.6,92.2,92.45,94.7,5126981,476273503.25,27-SEP-2016,25682,INE175A01038,
JISLJALEQS,EQ,92.25,95.75,91.6,94.7,94.8,92.2,4441006,419427077.4,28-SEP-2016,15822,INE175A01038,
JISLJALEQS,EQ,95.25,96.9,82.65,85,85.8,94.7,19653614,1751534638.9,29-SEP-2016,40190,INE175A01038,
JISLJALEQS,EQ,85.45,89.85,85.45,89.55,89.45,85,7623215,673778491.95,30-SEP-2016,23997,INE175A01038,
JISLJALEQS,EQ,91.35,96.5,90.2,95.75,96.2,89.55,8078140,757990770.95,03-OCT-2016,26650,INE175A01038,
JISLJALEQS,EQ,97.2,98.85,95.1,96.65,96.85,95.75,7280516,704828565.05,04-OCT-2016,32033,INE175A01038,
JISLJALEQS,EQ,97.15,98,95.35,95.75,95.55,96.65,5857772,565668175.6,05-OCT-2016,14264,INE175A01038,
JISLJALEQS,EQ,96.3,97.05,92.95,93.85,94.2,95.75,3332132,316700712.55,06-OCT-2016,11737,INE175A01038,
JISLJALEQS,EQ,94.35,96,92.75,95.8,95.6,93.85,3272512,309356386.5,07-OCT-2016,11819,INE175A01038,
JISLJALEQS,EQ,96.3,97.8,94.3,97.2,96.9,95.8,4271086,410724594.5,10-OCT-2016,14507,INE175A01038,
JISLJALEQS,EQ,96.2,96.2,91.7,92.95,93.05,97.2,4946510,463985245,13-OCT-2016,17243,INE175A01038,
JISLJALEQS,EQ,93.45,95,93.3,94.7,94.7,92.95,2762849,259952671.5,14-OCT-2016,9755,INE175A01038,
JISLJALEQS,EQ,94.7,94.95,91.65,92.2,92.25,94.7,3529120,328722506.7,17-OCT-2016,9413,INE175A01038,
JISLJALEQS,EQ,93,96.15,92.85,95.95,95.9,92.2,3650336,345475945.75,18-OCT-2016,12707,INE175A01038,
JISLJALEQS,EQ,96.45,97.5,95.4,95.8,95.8,95.95,4440392,427764763.3,19-OCT-2016,15695,INE175A01038,
JISLJALEQS,EQ,96.5,103.2,96.25,101.85,102,95.8,12969137,1304371871.95,20-OCT-2016,42328,INE175A01038,
JISLJALEQS,EQ,102.25,105.25,101.45,104.35,104.15,101.85,11429715,1182031902.95,21-OCT-2016,48726,INE175A01038,
JISLJALEQS,EQ,104.9,107.4,104.5,106.2,106.3,104.35,8111370,860438116.25,24-OCT-2016,34365,INE175A01038,
JISLJALEQS,EQ,106.25,106.5,103.75,105,104.8,106.2,3667285,385157772.7,25-OCT-2016,15815,INE175A01038,
JISLJALEQS,EQ,105,106.5,103.1,104,103.7,105,4187852,440016921.1,26-OCT-2016,24128,INE175A01038,
JISLJALEQS,EQ,103.7,107.5,101.25,106.65,107,104,6478066,675335449.45,27-OCT-2016,20999,INE175A01038,
JISLJALEQS,EQ,106.9,108.55,106.2,107.5,107.45,106.65,6110831,656167237.45,28-OCT-2016,21884,INE175A01038,
JISLJALEQS,EQ,107,107.5,103.5,104.05,103.95,107.25,6042447,638925628,01-NOV-2016,26721,INE175A01038,
JISLJALEQS,EQ,102.75,102.95,100.6,101.55,101.5,104.05,4627716,471208173.15,02-NOV-2016,18215,INE175A01038,
JISLJALEQS,EQ,101.9,104.1,100,100.5,100.05,101.55,5386358,550748593.05,03-NOV-2016,16313,INE175A01038,
JISLJALEQS,EQ,101,101.5,96.25,98.65,99,100.5,5773209,569290319.2,04-NOV-2016,20464,INE175A01038,
JISLJALEQS,EQ,100,103.3,100,101.2,100.8,98.65,2995703,305698469.95,07-NOV-2016,15551,INE175A01038,
JISLJALEQS,EQ,102,102.65,99.8,102.2,102.1,101.2,3160173,320565048.95,08-NOV-2016,16106,INE175A01038,
JISLJALEQS,EQ,92,99.4,86.9,98.2,98.25,102.2,10580790,981075461.6,09-NOV-2016,36105,INE175A01038,
JISLJALEQS,EQ,99.6,102.3,98,99.6,99.5,98.2,4061254,407966583.35,10-NOV-2016,19013,INE175A01038,
JISLJALEQS,EQ,100.1,104.8,97,98.05,97.9,99.6,12189174,1238879394.4,11-NOV-2016,48996,INE175A01038,
JISLJALEQS,EQ,98.65,98.65,83.7,86.45,86,98.05,10614885,947816186.95,15-NOV-2016,45990,INE175A01038,
JISLJALEQS,EQ,89,91.4,84.2,88.35,88.3,86.45,8444374,749061244.75,16-NOV-2016,31847,INE175A01038,
JISLJALEQS,EQ,89.6,90.1,87.5,88.5,88.9,88.35,3971558,352452357.65,17-NOV-2016,15999,INE175A01038,
JISLJALEQS,EQ,88.9,90.25,88,89.35,89.25,88.5,6694336,597193375.45,18-NOV-2016,17724,INE175A01038,
JISLJALEQS,EQ,89.8,90.2,83.5,83.8,83.65,89.35,5494281,471335131.75,21-NOV-2016,22737,INE175A01038,
JISLJALEQS,EQ,85.6,87.4,84.2,85.6,85.7,83.8,5296772,454218576.85,22-NOV-2016,21638,INE175A01038,
JISLJALEQS,EQ,86.6,86.95,84.5,85.2,85.2,85.6,3539601,302235480.95,23-NOV-2016,16534,INE175A01038,
JISLJALEQS,EQ,84.5,85.45,82.55,83.9,83.85,85.2,6325292,532664086.35,24-NOV-2016,22653,INE175A01038,
JISLJALEQS,EQ,84.55,86.25,83.7,85.6,85.55,83.9,3688157,314398798.5,25-NOV-2016,17928,INE175A01038,
JISLJALEQS,EQ,85.45,91.2,84.4,89.85,89.85,85.6,5984847,528147013.9,28-NOV-2016,21865,INE175A01038,
JISLJALEQS,EQ,90.7,91.95,87.85,88.45,88.5,89.85,5735201,517058853.55,29-NOV-2016,21724,INE175A01038,
JISLJALEQS,EQ,89.4,90.7,87.8,89.85,89.75,88.45,4499709,402533823.15,30-NOV-2016,18674,INE175A01038,
JISLJALEQS,EQ,90.5,90.65,87.55,88.2,88.4,89.85,3043824,269992634.75,01-DEC-2016,13267,INE175A01038,
JISLJALEQS,EQ,88,89.9,85.75,87.35,87.2,88.2,4310975,380776270.8,02-DEC-2016,15549,INE175A01038,
JISLJALEQS,EQ,87.1,88.75,86,87.55,87.7,87.35,2724013,237489805.9,05-DEC-2016,10468,INE175A01038,
JISLJALEQS,EQ,87,88.45,86.55,86.95,87,87.55,2211883,193558673.75,06-DEC-2016,9950,INE175A01038,
JISLJALEQS,EQ,87.3,87.8,84.5,86.05,86.5,86.95,2542111,219498118.7,07-DEC-2016,8195,INE175A01038,
JISLJALEQS,EQ,87.2,90.9,87.2,90.05,90.5,86.05,5760747,516766552.05,08-DEC-2016,25284,INE175A01038,
JISLJALEQS,EQ,90.95,91.2,89.35,89.8,89.6,90.05,2125742,191361094.05,09-DEC-2016,8409,INE175A01038,
JISLJALEQS,EQ,89.5,89.6,86.8,87.45,87.3,89.8,1840066,161543328.8,12-DEC-2016,11744,INE175A01038,
JISLJALEQS,EQ,87.9,87.9,86.5,87.1,87.15,87.45,1566823,136234242.25,13-DEC-2016,12377,INE175A01038,
JISLJALEQS,EQ,87.55,87.55,85.35,85.65,85.7,87.1,2880789,248517472.45,14-DEC-2016,13149,INE175A01038,
JISLJALEQS,EQ,85,87.85,84.2,86.6,86.8,85.65,2257549,195357088.2,15-DEC-2016,11665,INE175A01038,
JISLJALEQS,EQ,85.6,86.65,84.8,85.4,85.6,86.6,1853853,158471927.55,16-DEC-2016,11093,INE175A01038,
JISLJALEQS,EQ,85.45,85.65,83.8,84.2,84.1,85.4,2953229,249908428.85,19-DEC-2016,20613,INE175A01038,
JISLJALEQS,EQ,84.9,84.9,80.6,81.05,81,84.2,3857798,316873356.25,20-DEC-2016,14171,INE175A01038,
JISLJALEQS,EQ,81.55,82.85,80.6,81.9,81.65,81.05,2459994,201644370.55,21-DEC-2016,10192,INE175A01038,
JISLJALEQS,EQ,81.4,83.5,79.7,82.6,83.3,81.9,3206233,260269311.15,22-DEC-2016,11330,INE175A01038,
JISLJALEQS,EQ,83.5,85.9,83.1,84.85,84.85,82.6,7307297,621390431.2,23-DEC-2016,27487,INE175A01038,
JISLJALEQS,EQ,84.85,84.85,81.1,81.75,81.35,84.85,2422419,199820353.3,26-DEC-2016,8884,INE175A01038,
JISLJALEQS,EQ,82.35,83.35,80.15,83.05,83.2,81.75,2482876,203948212.95,27-DEC-2016,9785,INE175A01038,
JISLJALEQS,EQ,86.5,86.5,84.45,84.85,85.25,83.05,5860675,502110046.8,28-DEC-2016,22381,INE175A01038,
JISLJALEQS,EQ,85.2,86.6,84.5,86.15,86.3,84.85,3449641,295529806.8,29-DEC-2016,19389,INE175A01038,
JISLJALEQS,EQ,87,88.6,86.65,88.1,88.4,86.15,3685999,322878323.4,30-DEC-2016,14248,INE175A01038,
JISLJALEQS,EQ,88.85,89.4,87.5,88.75,88.95,88.1,2708647,239661533.8,02-JAN-2017,9683,INE175A01038,
JISLJALEQS,EQ,88.95,91.75,88,91.35,91.7,88.75,4699690,424344862.7,03-JAN-2017,18516,INE175A01038,
JISLJALEQS,EQ,92.1,95.45,92.05,92.9,93.1,91.35,10306492,966381500.9,04-JAN-2017,45290,INE175A01038,
JISLJALEQS,EQ,93.65,94.15,92.8,93.15,93.2,92.9,2841652,265340683.2,05-JAN-2017,13820,INE175A01038,
JISLJALEQS,EQ,93.15,93.45,91.25,91.95,91.9,93.15,2492945,229872815.55,06-JAN-2017,19269,INE175A01038,
JISLJALEQS,EQ,92.45,94.2,91,93.8,94,91.95,3068979,285856535.55,09-JAN-2017,15814,INE175A01038,
JISLJALEQS,EQ,94.05,96,93.25,95.8,95.85,93.8,4915199,466902550,10-JAN-2017,23919,INE175A01038,
JISLJALEQS,EQ,96.45,96.45,94.75,95.8,95.4,95.8,4308119,412074629.4,11-JAN-2017,29108,INE175A01038,
JISLJALEQS,EQ,95.8,95.85,94,94.3,94.4,95.8,2529224,239533370.15,12-JAN-2017,12506,INE175A01038,
JISLJALEQS,EQ,94.5,94.75,92.4,93.4,93.3,94.3,2609936,243937321.1,13-JAN-2017,13705,INE175A01038,
JISLJALEQS,EQ,92.9,95.2,92.55,94.1,93.85,93.4,3406564,320510308.5,16-JAN-2017,15667,INE175A01038,
JISLJALEQS,EQ,95.05,95.85,93.8,94.75,94.85,94.1,4310575,408446278.35,17-JAN-2017,34424,INE175A01038,
JISLJALEQS,EQ,94.9,95.6,93.9,94.4,94.35,94.75,2618782,248120922.95,18-JAN-2017,16406,INE175A01038,
JISLJALEQS,EQ,94.25,95.5,93.5,94.85,95.25,94.4,3641452,343408606.6,19-JAN-2017,13730,INE175A01038,
JISLJALEQS,EQ,94.7,95,87.5,89.05,88.8,94.85,6882423,624616016.8,20-JAN-2017,24868,INE175A01038,
JISLJALEQS,EQ,89,90.2,88.5,89.45,89.25,89.05,4783629,427673079.7,23-JAN-2017,15382,INE175A01038,
JISLJALEQS,EQ,89.85,91.7,89.65,90.6,90.9,89.45,5172550,468995676.05,24-JAN-2017,20280,INE175A01038,
JISLJALEQS,EQ,91.1,94.9,91.1,94.3,94.5,90.6,9378421,880362907.1,25-JAN-2017,21566,INE175A01038,
JISLJALEQS,EQ,93.7,96.3,93.7,95.1,95.05,94.3,4040226,384858591.15,27-JAN-2017,15027,INE175A01038,
JISLJALEQS,EQ,95.3,95.8,94.15,95,94.9,95.1,2676519,253773663.6,30-JAN-2017,10504,INE175A01038,
JISLJALEQS,EQ,95.5,96.25,93.9,94.4,94.3,95,4839293,459192548.15,31-JAN-2017,25457,INE175A01038,
JISLJALEQS,EQ,95.05,97.7,93.65,95.9,95.9,94.4,15648547,1503098046.2,01-FEB-2017,57281,INE175A01038,
JISLJALEQS,EQ,95.9,98.2,95.15,97.5,97.55,95.9,7287688,707169060.45,02-FEB-2017,37726,INE175A01038,
JISLJALEQS,EQ,97.2,97.95,95.9,96.15,96.2,97.5,2855948,276382758.35,03-FEB-2017,10190,INE175A01038,
JISLJALEQS,EQ,96.8,97.75,95.8,96.8,97.1,96.15,3247409,314249023.7,06-FEB-2017,15494,INE175A01038,
JISLJALEQS,EQ,97.1,97.3,94.1,95.5,95.55,96.8,2315852,221840434.65,07-FEB-2017,11053,INE175A01038,
JISLJALEQS,EQ,95.6,99,94.85,98.35,98.3,95.5,5223352,506850608.45,08-FEB-2017,18974,INE175A01038,
JISLJALEQS,EQ,98.85,99,95.4,96.6,96.6,98.35,3523272,341041318.6,09-FEB-2017,16856,INE175A01038,
JISLJALEQS,EQ,97.2,98.2,96.2,97.1,96.95,96.6,2571700,250046821.15,10-FEB-2017,11166,INE175A01038,
JISLJALEQS,EQ,97.45,97.55,95,96.15,96.05,97.1,3073516,294594056.35,13-FEB-2017,19710,INE175A01038,
JISLJALEQS,EQ,95.65,96,93.9,94.5,94.2,96.15,2815078,267249007,14-FEB-2017,18849,INE175A01038,
JISLJALEQS,EQ,95.7,96.75,94.05,94.65,94.55,94.5,5756041,547632327.25,15-FEB-2017,29153,INE175A01038,
JISLJALEQS,EQ,94.5,94.9,92.7,93,93.15,94.65,5297608,494511771.2,16-FEB-2017,18654,INE175A01038,
JISLJALEQS,EQ,93.25,94.3,92.85,93.45,93.35,93,2344061,219316231.65,17-FEB-2017,13623,INE175A01038,
JISLJALEQS,EQ,93,96.05,92.8,95.15,95.1,93.45,3712007,352215895.8,20-FEB-2017,13165,INE175A01038,
JISLJALEQS,EQ,95.4,96.25,94.85,96,96,95.15,2320013,221888774.15,21-FEB-2017,16455,INE175A01038,
JISLJALEQS,EQ,96,96.35,94.15,94.8,94.45,96,2381303,226886971.6,22-FEB-2017,10930,INE175A01038,
JISLJALEQS,EQ,95,95.45,93.2,93.6,93.45,94.8,6288500,590133080.55,23-FEB-2017,10791,INE175A01038,
JISLJALEQS,EQ,93.6,93.9,92.25,92.65,92.6,93.6,1466074,136398407.1,27-FEB-2017,5809,INE175A01038,
JISLJALEQS,EQ,92.95,94.3,92.5,93.9,93.85,92.65,1751192,163750185.75,28-FEB-2017,6440,INE175A01038,
JISLJALEQS,EQ,94,94.85,93.35,94,94.15,93.9,1143800,107587864.75,01-MAR-2017,4806,INE175A01038,
JISLJALEQS,EQ,94.3,95.2,92.1,92.35,92.2,94,1972898,184224137.35,02-MAR-2017,6342,INE175A01038,
JISLJALEQS,EQ,92.3,92.3,88.3,89.65,89.3,92.35,5772137,515979478.95,03-MAR-2017,19711,INE175A01038,
JISLJALEQS,EQ,89.75,91.3,89,91.05,91.25,89.65,2524931,228202277.7,06-MAR-2017,8950,INE175A01038,
JISLJALEQS,EQ,91.3,91.75,90.55,91.3,91.4,91.05,2265004,206634571.8,07-MAR-2017,6760,INE175A01038,
JISLJALEQS,EQ,91.45,93.45,91.15,92.05,91.9,91.3,4336299,400340446.35,08-MAR-2017,12895,INE175A01038,
JISLJALEQS,EQ,92.05,92.25,90.4,91.4,91.15,92.05,1430910,131019723.6,09-MAR-2017,6130,INE175A01038,
JISLJALEQS,EQ,91.8,92,89.25,89.65,89.55,91.4,1814111,163942930.25,10-MAR-2017,6127,INE175A01038,
JISLJALEQS,EQ,92.9,93.45,91.15,91.95,92.1,89.65,3131144,287861951.35,14-MAR-2017,13206,INE175A01038,
JISLJALEQS,EQ,92,94.2,91.5,93.6,93.5,91.95,2262944,211438517.3,15-MAR-2017,9562,INE175A01038,
JISLJALEQS,EQ,94,95.4,94,94.85,95.4,93.6,1721667,162804613.95,16-MAR-2017,6372,INE175A01038,
JISLJALEQS,EQ,95.3,95.8,93,94.6,94.25,94.85,2109151,199321362.75,17-MAR-2017,8392,INE175A01038,
JISLJALEQS,EQ,94.95,96.2,94.55,95.5,95.5,94.6,1549584,147969442.25,20-MAR-2017,5677,INE175A01038,
JISLJALEQS,EQ,95.5,96.65,95.2,95.9,95.65,95.5,3550423,340547973.2,21-MAR-2017,9791,INE175A01038,
JISLJALEQS,EQ,95,95.5,93.3,93.85,93.6,95.9,1824931,171762423.8,22-MAR-2017,8952,INE175A01038,
JISLJALEQS,EQ,94.2,94.4,92.85,93.8,94.3,93.85,1927940,180043615.5,23-MAR-2017,6424,INE175A01038,
JISLJALEQS,EQ,94.1,95.9,93.9,95.2,95.35,93.8,2966712,282053708.85,24-MAR-2017,19878,INE175A01038,
JISLJALEQS,EQ,95.3,95.9,93.55,94.2,94,95.2,4946718,468778126.2,27-MAR-2017,9736,INE175A01038,
JISLJALEQS,EQ,94.5,95.6,94.2,94.5,94.7,94.2,2659820,252107098.65,28-MAR-2017,14966,INE175A01038,
JISLJALEQS,EQ,94.5,95.25,93.85,94.45,94.45,94.5,1091603,103209414.15,29-MAR-2017,4685,INE175A01038,
JISLJALEQS,EQ,94.5,95.2,92.7,93,92.95,94.45,8928869,832679060.6,30-MAR-2017,16231,INE175A01038,
JISLJALEQS,EQ,93,94.95,92.75,93.85,93.65,93,3117285,292541374.05,31-MAR-2017,7926,INE175A01038,
JISLJALEQS,EQ,94.35,99.9,93.1,99.1,99.8,93.85,7847542,761128099.45,03-APR-2017,27680,INE175A01038,
JISLJALEQS,EQ,101,103.4,101,102.65,102.45,99.1,9726067,996331277.5,05-APR-2017,45100,INE175A01038,
JISLJALEQS,EQ,102.4,103.1,100.3,101.5,101.65,102.65,2674624,271557925.65,06-APR-2017,12379,INE175A01038,
JISLJALEQS,EQ,102.4,103,99.7,100.55,100.9,101.5,3092354,315035604.7,07-APR-2017,14455,INE175A01038,
JISLJALEQS,EQ,102,102,100.35,101.45,101.65,100.55,2008296,203378343.35,10-APR-2017,9536,INE175A01038,
JISLJALEQS,EQ,101.4,104.55,101.4,104.15,104.05,101.45,4300070,444561366.5,11-APR-2017,16950,INE175A01038,
JISLJALEQS,EQ,104.75,104.75,100.35,101.8,101.85,104.15,2386707,243795277.5,12-APR-2017,10751,INE175A01038,
JISLJALEQS,EQ,101.8,102.15,99.4,99.85,99.95,101.8,2083567,209338261.1,13-APR-2017,8483,INE175A01038,
JISLJALEQS,EQ,100.25,101.9,99.1,101.35,101.3,99.85,2515565,253627583.85,17-APR-2017,7539,INE175A01038,
JISLJALEQS,EQ,101.8,103.5,98.4,99.45,98.75,101.35,3070191,311887954.55,18-APR-2017,12456,INE175A01038,
JISLJALEQS,EQ,99.65,109.9,99.5,107.9,108.1,99.45,28250579,3014163770.5,19-APR-2017,102182,INE175A01038,
JISLJALEQS,EQ,108.45,115.9,106.05,113.9,113.4,107.9,34505994,3865517178.35,20-APR-2017,114438,INE175A01038,
JISLJALEQS,EQ,113.5,115.5,110.55,111.85,111.1,113.9,12626315,1428166866.25,21-APR-2017,41770,INE175A01038,
JISLJALEQS,EQ,112,115.5,109.6,111.35,110.35,111.85,7947784,898366990.25,24-APR-2017,26109,INE175A01038,
JISLJALEQS,EQ,112.9,119.7,112.85,115.95,116.2,111.35,15322439,1797043584.75,25-APR-2017,54709,INE175A01038,
JISLJALEQS,EQ,116.95,117.75,111.1,113.4,113.35,115.95,4914327,561786732.35,26-APR-2017,18035,INE175A01038,
JISLJALEQS,EQ,114,114.8,111.85,113,113.05,113.4,4960807,560949933.05,27-APR-2017,12122,INE175A01038,
JISLJALEQS,EQ,113.3,114,110.7,112,111.6,113,3731375,417863913.2,28-APR-2017,12308,INE175A01038,
JISLJALEQS,EQ,112,112.1,107.25,108.9,108.9,112,5267937,575720262.85,02-MAY-2017,20660,INE175A01038,
JISLJALEQS,EQ,109.2,110.9,108.6,109.4,109.35,108.9,4541940,497849877.25,03-MAY-2017,19413,INE175A01038,
JISLJALEQS,EQ,109.3,110.2,106.6,107.4,107.4,109.4,4901019,529014731.4,04-MAY-2017,14756,INE175A01038,
JISLJALEQS,EQ,108.25,108.25,100.1,101.4,100.85,107.4,7349703,763119745.75,05-MAY-2017,30031,INE175A01038,
JISLJALEQS,EQ,101.6,105,101.25,103.85,103.9,101.4,4083047,423559979.45,08-MAY-2017,14736,INE175A01038,
JISLJALEQS,EQ,104.05,104.5,103.1,103.7,104,103.85,1762166,182978641.7,09-MAY-2017,6342,INE175A01038,
JISLJALEQS,EQ,104.85,109,104.5,105.1,104.95,103.7,7153764,761184889.6,10-MAY-2017,21709,INE175A01038,
JISLJALEQS,EQ,105.5,106.25,102.8,103.7,103.5,105.1,4060587,421931923.2,11-MAY-2017,9907,INE175A01038,
JISLJALEQS,EQ,103.5,103.65,99.3,100,100,103.7,6428862,646681482.4,12-MAY-2017,22635,INE175A01038,
JISLJALEQS,EQ,101.4,101.5,96.25,97.5,98,100,5978406,586473573.8,15-MAY-2017,20376,INE175A01038,
JISLJALEQS,EQ,97.5,100.35,97.3,99.05,99.05,97.5,4761190,470803427.9,16-MAY-2017,13263,INE175A01038,
JISLJALEQS,EQ,99.55,100.1,96.75,97.75,97.8,99.05,3288869,324610087.3,17-MAY-2017,12705,INE175A01038,
JISLJALEQS,EQ,96.5,97.15,93.5,93.8,94.5,97.75,5143422,486726365.8,18-MAY-2017,14865,INE175A01038,
JISLJALEQS,EQ,94.3,96.2,92,92.9,92.4,93.8,4778844,447684249.85,19-MAY-2017,17046,INE175A01038,
JISLJALEQS,EQ,93.5,94.4,91.45,92.25,91.75,92.9,3115964,290272730.95,22-MAY-2017,10351,INE175A01038,
JISLJALEQS,EQ,92.9,92.9,86.1,87.3,87.3,92.25,8242186,730344048.75,23-MAY-2017,29350,INE175A01038,
JISLJALEQS,EQ,87.75,88.7,82.6,85.9,87.45,87.3,9654471,823726426.5,24-MAY-2017,33099,INE175A01038,
JISLJALEQS,EQ,90.35,97.9,89,96.55,97.1,85.9,26654862,2488700226.7,25-MAY-2017,70290,INE175A01038,
JISLJALEQS,EQ,97,99.9,96.95,98.7,98.7,96.55,9333898,917933878.05,26-MAY-2017,27130,INE175A01038,
JISLJALEQS,EQ,98.4,100.3,94,96.9,96.65,98.7,5918018,577707063.75,29-MAY-2017,21211,INE175A01038,
JISLJALEQS,EQ,95.75,99.25,95.3,98.35,98.2,96.9,3496967,340631398.65,30-MAY-2017,11040,INE175A01038,
JISLJALEQS,EQ,98.95,101.7,98.3,101,101.3,98.35,5866006,586741341.05,31-MAY-2017,21507,INE175A01038,
JISLJALEQS,EQ,101.8,102.95,99.75,101.55,101.3,101,5902377,599513975,01-JUN-2017,17137,INE175A01038,
JISLJALEQS,EQ,102.3,104.45,101.75,102.85,102.85,101.55,6808569,704029368.55,02-JUN-2017,21770,INE175A01038,
JISLJALEQS,EQ,103.7,104.35,102.35,103.75,104.35,102.85,3722084,385052787.3,05-JUN-2017,16381,INE175A01038,
JISLJALEQS,EQ,104.7,105.25,101.7,104.1,104.2,103.75,6251448,649208382.7,06-JUN-2017,20768,INE175A01038,
JISLJALEQS,EQ,105,107.1,104.5,106.3,105.9,104.1,5774245,611556702.35,07-JUN-2017,31985,INE175A01038,
JISLJALEQS,EQ,106.6,106.65,103.75,104.55,104.85,106.3,2399522,252233627.85,08-JUN-2017,8665,INE175A01038,
JISLJALEQS,EQ,105.1,106.3,103.8,105.3,105.15,104.55,2242605,236180816.2,09-JUN-2017,8595,INE175A01038,
JISLJALEQS,EQ,104.8,105.65,103.8,104.95,105.15,105.3,1923441,201283573.3,12-JUN-2017,7822,INE175A01038,
JISLJALEQS,EQ,104.9,107,104.9,106.25,105.9,104.95,2691319,285772628.15,13-JUN-2017,10183,INE175A01038,
JISLJALEQS,EQ,106.5,108.5,105.3,107.85,107.6,106.25,5858405,630217996.65,14-JUN-2017,23921,INE175A01038,
JISLJALEQS,EQ,107.7,108.5,106.2,107.05,107.2,107.85,2458732,264002218.85,15-JUN-2017,10421,INE175A01038,
JISLJALEQS,EQ,107.55,107.95,105.6,106.45,106.5,107.05,1917176,204608498.15,16-JUN-2017,7023,INE175A01038,
JISLJALEQS,EQ,106.9,108.4,105.5,107.45,107.6,106.45,2089401,223729910.8,19-JUN-2017,7608,INE175A01038,
JISLJALEQS,EQ,108.6,110.2,107.3,108.35,108.6,107.45,4485063,489266250.25,20-JUN-2017,18139,INE175A01038,
JISLJALEQS,EQ,108.3,109.2,107.5,108.25,108.6,108.35,1845822,199989506.15,21-JUN-2017,6715,INE175A01038,
JISLJALEQS,EQ,108.25,110.65,108,108.9,109.05,108.25,5217950,571592423.85,22-JUN-2017,12934,INE175A01038,
JISLJALEQS,EQ,108.25,109.2,104.8,105.55,105.5,108.9,3228876,343303364.45,23-JUN-2017,11771,INE175A01038,
JISLJALEQS,EQ,105.1,105.35,101.3,102.7,103.35,105.55,3968536,407377674.85,27-JUN-2017,21030,INE175A01038,
JISLJALEQS,EQ,101.65,104.3,101.4,103.35,103.25,102.7,5570057,573473453.45,28-JUN-2017,24227,INE175A01038,
JISLJALEQS,EQ,103.85,104.45,102,102.65,102.3,103.35,2880466,297774816.65,29-JUN-2017,11752,INE175A01038,
JISLJALEQS,EQ,100.8,103.2,100.3,102.75,103,102.65,2688712,273295772.55,30-JUN-2017,12997,INE175A01038,
JISLJALEQS,EQ,103.05,104,102.2,102.6,102.6,102.75,2440540,251404649,03-JUL-2017,6740,INE175A01038,
JISLJALEQS,EQ,103.3,103.45,100.5,101.45,101.1,102.6,2260205,229552496.05,04-JUL-2017,11927,INE175A01038,
JISLJALEQS,EQ,101,107.5,100.9,107.2,107.15,101.45,7127155,749936475.55,05-JUL-2017,25572,INE175A01038,
JISLJALEQS,EQ,107.8,107.8,104.75,105.1,105.2,107.2,2918120,308735733,06-JUL-2017,11534,INE175A01038,
JISLJALEQS,EQ,105.1,106.6,104.3,105.2,105.45,105.1,2305412,243027990.5,07-JUL-2017,9399,INE175A01038,
JISLJALEQS,EQ,106,106.2,104.25,105.5,105.9,105.2,880215,92843434.5,10-JUL-2017,2389,INE175A01038
JISLJALEQS,EQ,105.85,106.75,104.3,104.85,104.8,105.5,2338849,246806056.55,11-JUL-2017,12308,INE175A01038,
JISLJALEQS,EQ,105,105.4,103.5,104.4,104.4,104.85,2780520,289720317.5,12-JUL-2017,11857,INE175A01038,
JISLJALEQS,EQ,104.95,106.8,104.1,104.95,104.6,104.4,3203728,337232887.85,13-JUL-2017,10652,INE175A01038,
JISLJALEQS,EQ,105,106.3,103.75,105.6,105.5,104.95,1968095,206654356.85,14-JUL-2017,9416,INE175A01038,
JISLJALEQS,EQ,105.8,106.1,104.1,105,104.75,105.6,1201482,126357188.1,17-JUL-2017,3983,INE175A01038,
JISLJALEQS,EQ,104.15,105.3,102.35,102.95,102.8,105,3150010,326244796.75,18-JUL-2017,8871,INE175A01038,
JISLJALEQS,EQ,105,109.75,104.3,109.35,109.7,102.95,10925039,1179682439.25,19-JUL-2017,36298,INE175A01038,
JISLJALEQS,EQ,110,111.45,108.55,110,110.6,109.35,8669894,955947776.55,20-JUL-2017,30440,INE175A01038,
JISLJALEQS,EQ,110,111,108.3,109.25,108.85,110,3679970,402703470.4,21-JUL-2017,12761,INE175A01038,
JISLJALEQS,EQ,109.15,111.8,108.8,109.85,109.7,109.25,2617593,288471567.95,24-JUL-2017,11566,INE175A01038,
JISLJALEQS,EQ,110.3,110.7,108.25,109.35,109.05,109.85,1725552,188814644.45,25-JUL-2017,10862,INE175A01038,
JISLJALEQS,EQ,107.9,108.75,105.2,105.7,106.05,107.85,3746285,399831534.7,27-JUL-2017,11732,INE175A01038,
JISLJALEQS,EQ,105.7,107.9,103.75,107.55,107.7,105.7,3514451,374813784.1,28-JUL-2017,21785,INE175A01038,
JISLJALEQS,EQ,108,108.15,105.6,106.05,106,107.55,2419049,257465942.15,31-JUL-2017,6797,INE175A01038,
JISLJALEQS,EQ,106.25,106.7,105,105.35,105.2,106.05,2478310,262165180.9,01-AUG-2017,11336,INE175A01038,
JISLJALEQS,EQ,105,105.95,103.95,104.5,104.15,105.35,2744709,288063172.15,02-AUG-2017,7279,INE175A01038,
JISLJALEQS,EQ,104.5,104.65,101.2,101.6,101.4,104.5,2602834,267018727.5,03-AUG-2017,8827,INE175A01038,
JISLJALEQS,EQ,102,103,100.85,102.1,102.1,101.6,2899353,295376526.35,04-AUG-2017,10198,INE175A01038,
JISLJALEQS,EQ,102.8,102.8,100.85,101.35,101.15,102.1,3651041,371229056.7,07-AUG-2017,5646,INE175A01038,
JISLJALEQS,EQ,102,106,100,103.15,103.1,101.35,6957672,720540862,08-AUG-2017,25670,INE175A01038,
JISLJALEQS,EQ,103.05,104.05,98.1,99.4,98.8,103.15,8015979,806257059.9,09-AUG-2017,20345,INE175A01038,
JISLJALEQS,EQ,97.55,98.7,89,92.15,95,99.4,6146616,579245324.85,10-AUG-2017,19323,INE175A01038,
JISLJALEQS,EQ,92,93.3,86.15,91.7,92.05,92.15,6983899,624206424.9,11-AUG-2017,23492,INE175A01038,
JISLJALEQS,EQ,93.5,97.5,93.45,95.25,93.9,91.7,5092357,487150108.1,14-AUG-2017,24330,INE175A01038,
JISLJALEQS,EQ,93.4,96.8,92.1,94.95,96,95.25,7606433,720071697.05,16-AUG-2017,32238,INE175A01038,
JISLJALEQS,EQ,96.3,100.8,96.15,97.95,98.5,94.95,8480352,837891452.6,17-AUG-2017,30405,INE175A01038,
JISLJALEQS,EQ,97.45,99.2,96.05,98.05,97.9,97.95,2926835,286113185.65,18-AUG-2017,16041,INE175A01038,
JISLJALEQS,EQ,99,100.1,95.1,95.9,95.2,98.05,2362991,230641873,21-AUG-2017,9893,INE175A01038,
JISLJALEQS,EQ,96,96.7,93,93.25,93,95.9,3638019,342466150.5,22-AUG-2017,22651,INE175A01038,
JISLJALEQS,EQ,93.95,95.5,93.05,94.8,94.7,93.25,3970578,374880986.15,23-AUG-2017,31256,INE175A01038,
JISLJALEQS,EQ,94.95,96,94.1,95.35,95.4,94.8,1808818,172217626.45,24-AUG-2017,10088,INE175A01038,
JISLJALEQS,EQ,96,98.8,95.15,98.2,98.4,95.35,4161508,403505285.9,28-AUG-2017,15506,INE175A01038,
JISLJALEQS,EQ,97.95,97.95,95.5,96,95.95,98.2,3099092,299729226.5,29-AUG-2017,11373,INE175A01038,
JISLJALEQS,EQ,96.7,97.85,96.55,97.45,97.5,96,2415464,235014096.2,30-AUG-2017,7645,INE175A01038,
JISLJALEQS,EQ,97.95,99.75,97.3,98.55,98.5,97.45,5242993,516031876.6,31-AUG-2017,16977,INE175A01038,
JISLJALEQS,EQ,99.3,100.1,98.1,98.85,99,98.55,1856220,184196341.7,01-SEP-2017,6716,INE175A01038,
JISLJALEQS,EQ,98.85,99.3,95.85,96.95,96.8,98.85,5630798,551656201.45,04-SEP-2017,16036,INE175A01038,
JISLJALEQS,EQ,99.5,104.4,98.95,104.05,104.25,96.95,12048613,1240874349.95,05-SEP-2017,46240,INE175A01038,
JISLJALEQS,EQ,103.5,105.15,102.8,103.95,103.85,104.05,4575518,475778770.95,06-SEP-2017,16595,INE175A01038,
JISLJALEQS,EQ,104.95,105.6,103.5,103.9,103.6,103.95,2837463,296146219.6,07-SEP-2017,11167,INE175A01038,
JISLJALEQS,EQ,104.4,104.55,101.7,102.95,102.85,103.9,2558490,263823026.75,08-SEP-2017,9031,INE175A01038,
JISLJALEQS,EQ,107.8,109,105.85,106.15,106.05,102.95,8122397,870449112.75,11-SEP-2017,36000,INE175A01038,
JISLJALEQS,EQ,106.6,106.8,104.65,106.3,106.2,106.15,3222224,341179940.15,12-SEP-2017,12577,INE175A01038,
JISLJALEQS,EQ,105.9,107.9,104.75,105.3,105.25,106.3,3792157,403901234.25,13-SEP-2017,12977,INE175A01038,
JISLJALEQS,EQ,105.8,106.4,103.2,104.25,105,105.3,2866295,301026108.3,14-SEP-2017,13603,INE175A01038,
JISLJALEQS,EQ,104.2,104.9,103.25,104.1,104.8,104.25,2365746,246331070.8,15-SEP-2017,8052,INE175A01038,
JISLJALEQS,EQ,104.9,105.3,103.9,104.5,104.75,104.1,1775534,185774701.15,18-SEP-2017,5729,INE175A01038,
JISLJALEQS,EQ,104.9,104.9,103.3,103.6,103.45,104.5,2106880,218957571.95,19-SEP-2017,7392,INE175A01038,
JISLJALEQS,EQ,103.4,107.65,103,106.3,106.05,103.6,5370647,570881369.15,20-SEP-2017,26459,INE175A01038,
JISLJALEQS,EQ,106.5,106.95,102.7,104.7,105,106.3,3045279,318599699.75,21-SEP-2017,15647,INE175A01038,
JISLJALEQS,EQ,103.7,103.85,98.65,99.55,99.4,104.7,3867156,391018789.3,22-SEP-2017,17080,INE175A01038,
JISLJALEQS,EQ,99.5,101.25,94.9,95.9,96.15,99.55,3155780,304009376.65,25-SEP-2017,13368,INE175A01038,
JISLJALEQS,EQ,95.9,96.7,93.55,95.15,95.1,95.9,4337283,411347357.4,26-SEP-2017,20907,INE175A01038,
JISLJALEQS,EQ,96.4,98.25,93.55,94.4,94.4,95.15,4421088,422978528,27-SEP-2017,21355,INE175A01038,
JISLJALEQS,EQ,95,95.5,92.95,93.3,93.3,94.4,4817991,454397162.5,28-SEP-2017,38017,INE175A01038,
JISLJALEQS,EQ,94,95.7,93.9,94.65,95.1,93.3,2267455,215070867.15,29-SEP-2017,8543,INE175A01038,
JISLJALEQS,EQ,96.4,96.9,93.55,94.35,94.2,94.65,3010521,286626811.5,03-OCT-2017,9103,INE175A01038,
JISLJALEQS,EQ,94.7,97.15,94.35,96.45,96.7,94.35,3026817,290319241.4,04-OCT-2017,12509,INE175A01038,
JISLJALEQS,EQ,96.4,97.95,96.05,97.2,97.1,96.45,1811609,176031190.6,05-OCT-2017,13745,INE175A01038,
JISLJALEQS,EQ,97.2,99.2,97.1,98.4,98.75,97.2,7104097,696298555.65,06-OCT-2017,23862,INE175A01038,
JISLJALEQS,EQ,99.9,100.7,97.5,99.65,99.45,98.4,6481664,643088001.85,09-OCT-2017,30117,INE175A01038,
JISLJALEQS,EQ,100.1,100.65,97.85,98.5,98.8,99.65,5065449,503306990.2,10-OCT-2017,18161,INE175A01038,
JISLJALEQS,EQ,98.8,99.3,94,94.95,95.8,98.5,8091717,780446971.85,11-OCT-2017,22239,INE175A01038,
JISLJALEQS,EQ,95.5,95.5,91.9,93.1,93,94.95,7309091,681318694.85,12-OCT-2017,33263,INE175A01038,
JISLJALEQS,EQ,93.5,94.25,92.35,92.9,92.75,93.1,4719283,440819661.55,13-OCT-2017,25796,INE175A01038,
JISLJALEQS,EQ,96,96,92.75,93.3,93.2,92.9,6541681,612285729.9,16-OCT-2017,40289,INE175A01038,
JISLJALEQS,EQ,94.2,96.6,94.15,95.15,95.2,93.3,8548378,816520232.8,17-OCT-2017,36461,INE175A01038,
JISLJALEQS,EQ,95.45,95.45,93.15,94.4,94.55,95.15,2363094,222720046.1,18-OCT-2017,7585,INE175A01038,
JISLJALEQS,EQ,93.85,94.5,93.3,93.95,93.9,93.6,2704907,254111304.35,23-OCT-2017,11111,INE175A01038,
JISLJALEQS,EQ,93.9,96.85,93.45,95.5,95.4,93.95,5382412,512755765.75,24-OCT-2017,17552,INE175A01038,
JISLJALEQS,EQ,96.75,96.75,94.55,95.65,95.4,95.5,3469373,331343198.35,25-OCT-2017,14941,INE175A01038,
JISLJALEQS,EQ,95.6,96.65,94.65,95,95.2,95.65,3389673,324061629.35,26-OCT-2017,13518,INE175A01038,
JISLJALEQS,EQ,95.7,102.5,95.3,100.1,100.4,95,12760815,1278419888.1,27-OCT-2017,49824,INE175A01038,
JISLJALEQS,EQ,100.95,101.9,99.45,100.4,100.3,100.1,3162142,318611965.45,30-OCT-2017,11979,INE175A01038,
JISLJALEQS,EQ,100.35,103.15,99.8,102.45,102.65,100.4,4443419,453010091.05,31-OCT-2017,19873,INE175A01038,
JISLJALEQS,EQ,103,104.8,102,102.35,102.1,102.45,5372529,554697024.1,01-NOV-2017,15191,INE175A01038,
JISLJALEQS,EQ,103.05,108.3,100.75,107.7,107.2,102.35,11106047,1171456352.15,02-NOV-2017,36490,INE175A01038,
JISLJALEQS,EQ,109.8,111.8,108.2,110.05,109.7,107.7,13545688,1491432017.15,03-NOV-2017,54085,INE175A01038,
JISLJALEQS,EQ,109.7,111.7,108.55,109.6,109.1,110.05,4716645,519973404.35,06-NOV-2017,20505,INE175A01038,
JISLJALEQS,EQ,109.85,110.75,102.8,104.15,103.95,109.6,6391535,678124087,07-NOV-2017,20718,INE175A01038,
JISLJALEQS,EQ,104.4,106.2,100.25,101.45,101.8,104.15,5157259,532505016.1,08-NOV-2017,17367,INE175A01038,
JISLJALEQS,EQ,102.3,104.85,99.1,104.15,104.4,101.45,4646707,475511025.55,09-NOV-2017,21380,INE175A01038,
JISLJALEQS,EQ,103.7,103.7,95.2,96.1,95.6,104.15,9345480,918599872.55,10-NOV-2017,32092,INE175A01038,
JISLJALEQS,EQ,97.1,101.65,97.1,99.1,99,96.1,12214883,1216969399.4,13-NOV-2017,41809,INE175A01038,
JISLJALEQS,EQ,100.25,104.35,98.85,102.9,103.5,99.1,11434398,1162769520.7,14-NOV-2017,40662,INE175A01038,
JISLJALEQS,EQ,102,102,99,100.25,100.55,102.9,7170467,720346780.6,15-NOV-2017,22660,INE175A01038,
JISLJALEQS,EQ,101.2,106.2,101.2,105.6,106,100.25,15366013,1597088578.85,16-NOV-2017,48667,INE175A01038,
JISLJALEQS,EQ,106.7,107.3,104.8,105.45,105,105.6,5143834,545608388.35,17-NOV-2017,23751,INE175A01038,
JISLJALEQS,EQ,104.4,110.35,104,109.7,109.6,105.45,8309428,898193931.05,20-NOV-2017,32102,INE175A01038,
JISLJALEQS,EQ,109.95,115.65,107.6,114.45,114,109.7,16407420,1850193719.45,21-NOV-2017,64963,INE175A01038,
JISLJALEQS,EQ,115.6,115.6,112.1,113.6,113.4,114.45,9455691,1077112564.1,22-NOV-2017,36286,INE175A01038,
JISLJALEQS,EQ,113.5,114.35,111.3,112.45,112.5,113.6,7278467,823436109.4,23-NOV-2017,18624,INE175A01038,
JISLJALEQS,EQ,113,114.4,112,113.45,113.85,112.45,4380388,496626365.55,24-NOV-2017,19358,INE175A01038,
JISLJALEQS,EQ,113.4,118.4,112.7,117.2,116.2,113.45,11297333,1315309260.85,27-NOV-2017,31780,INE175A01038,
JISLJALEQS,EQ,117.4,118.1,112.55,113.35,113.35,117.2,7355071,848316788.7,28-NOV-2017,25439,INE175A01038,
JISLJALEQS,EQ,113.8,116.1,113.35,114.7,115.4,113.35,4571334,524148107.6,29-NOV-2017,15206,INE175A01038,
JISLJALEQS,EQ,114.7,120.8,113.5,119.85,119.55,114.7,18730559,2210098270.45,30-NOV-2017,56058,INE175A01038,
JISLJALEQS,EQ,120.85,123.9,117.55,118.4,119.25,119.85,12115036,1466957440.45,01-DEC-2017,51074,INE175A01038,
JISLJALEQS,EQ,119.4,120.4,114,115.8,116.6,118.4,7246161,843982636.65,04-DEC-2017,22562,INE175A01038,
JISLJALEQS,EQ,115.65,120.4,113.55,119.55,120.2,115.8,6845514,799548066.4,05-DEC-2017,24895,INE175A01038,
JISLJALEQS,EQ,118.9,121.6,115.35,116,115.8,119.55,6457731,764735828.35,06-DEC-2017,26254,INE175A01038,
JISLJALEQS,EQ,115.25,117.6,115.15,116.9,116.75,116,4620485,538747923.7,07-DEC-2017,17062,INE175A01038,
JISLJALEQS,EQ,117.35,120.1,116.8,118.55,118.6,116.9,5172328,611826009.7,08-DEC-2017,22031,INE175A01038,
JISLJALEQS,EQ,118.95,119.4,116,117.05,117.5,118.55,3728617,437989332.2,11-DEC-2017,15596,INE175A01038,
JISLJALEQS,EQ,117.35,120.35,112.95,114.6,113.85,117.05,8440739,990764523.3,12-DEC-2017,37197,INE175A01038,
JISLJALEQS,EQ,113.85,115.6,111.25,112,111.65,114.6,4764094,539893341.75,13-DEC-2017,16854,INE175A01038,
JISLJALEQS,EQ,112,113.2,107,110.9,110,112,7504580,823333110.95,14-DEC-2017,23734,INE175A01038,
JISLJALEQS,EQ,112.7,114.45,111.65,112.8,112.35,110.9,5342401,604950829.2,15-DEC-2017,18169,INE175A01038,
JISLJALEQS,EQ,110.7,114,103.8,109.3,108.8,112.8,9213886,1019065762.6,18-DEC-2017,34801,INE175A01038,
JISLJALEQS,EQ,110.3,123.5,110.3,121.85,122.1,109.3,34418102,4095860536.65,19-DEC-2017,99592,INE175A01038,
JISLJALEQS,EQ,123,129.4,123,127.25,127.2,121.85,32787117,4151136723.4,20-DEC-2017,97904,INE175A01038,
JISLJALEQS,EQ,127.35,128,123.75,126.15,126.05,127.25,10340757,1302737898.05,21-DEC-2017,29059,INE175A01038,
JISLJALEQS,EQ,126,129,125.35,126.6,126.2,126.15,6867205,873272310.75,22-DEC-2017,22288,INE175A01038,
JISLJALEQS,EQ,126.55,130.15,126.3,128.75,128.2,126.6,7496240,963583233.05,26-DEC-2017,26668,INE175A01038,
JISLJALEQS,EQ,128.55,128.55,125.7,127.4,127.1,128.75,7327264,930986400.25,27-DEC-2017,22507,INE175A01038,
JISLJALEQS,EQ,127,129.4,126.1,128.05,128.5,127.4,6871735,879680309.6,28-DEC-2017,18635,INE175A01038,
JISLJALEQS,EQ,128.45,132.95,122.7,125.75,125.65,128.05,12144022,1557986169.2,29-DEC-2017,33585,INE175A01038,
JISLJALEQS,EQ,126,129.55,125,126.2,126.5,125.75,5957340,758572021.6,01-JAN-2018,19332,INE175A01038,
JISLJALEQS,EQ,127,130.5,123.75,128.7,128.35,126.2,8107580,1035850696.85,02-JAN-2018,25106,INE175A01038,
JISLJALEQS,EQ,128.7,130.5,127.25,128.75,128.9,128.7,4724195,608802288.55,03-JAN-2018,16584,INE175A01038,
JISLJALEQS,EQ,130,136.9,128.55,136.25,136.45,128.75,22635947,3033277226.15,04-JAN-2018,78791,INE175A01038,
JISLJALEQS,EQ,139.5,139.8,134,134.85,135.4,136.25,13697522,1866372137.5,05-JAN-2018,47719,INE175A01038,
JISLJALEQS,EQ,135.4,138.25,133.2,134.2,133.2,134.85,8982376,1214803693,08-JAN-2018,31012,INE175A01038,
JISLJALEQS,EQ,134,135.1,130.55,131.75,131.5,134.2,6695859,887678221.1,09-JAN-2018,23256,INE175A01038,
JISLJALEQS,EQ,131.55,135.4,131.2,133.65,134.2,131.75,8953813,1195253802.4,10-JAN-2018,25101,INE175A01038,
JISLJALEQS,EQ,134.3,140.4,133.4,139.4,140.1,133.65,20243873,2789356069.4,11-JAN-2018,52393,INE175A01038,
JISLJALEQS,EQ,141,146.45,140.5,142.45,142,139.4,36325638,5205264647,12-JAN-2018,96703,INE175A01038,
JISLJALEQS,EQ,142.6,145.15,140.4,143.3,143.8,142.45,8277200,1182657675,15-JAN-2018,27395,INE175A01038,
JISLJALEQS,EQ,143.7,145.6,134.05,138.5,139.7,143.3,13564775,1902323285.05,16-JAN-2018,36674,INE175A01038,
JISLJALEQS,EQ,138.5,142.3,132.25,141.3,141.65,138.5,11642978,1611420996.15,17-JAN-2018,35580,INE175A01038,
JISLJALEQS,EQ,142.7,143.6,131.6,133.1,133.25,141.3,8843609,1212779417.1,18-JAN-2018,31046,INE175A01038,
JISLJALEQS,EQ,134,138.75,131.2,136,136.55,133.1,14359560,1947246944.55,19-JAN-2018,53290,INE175A01038,
JISLJALEQS,EQ,136.6,140.45,134.1,139.8,139.7,136,7703472,1060010557.25,22-JAN-2018,23240,INE175A01038,
JISLJALEQS,EQ,140.5,145.8,140.25,143.55,142.95,139.8,18023973,2589091573.15,23-JAN-2018,44988,INE175A01038,
JISLJALEQS,EQ,143.5,147.4,140.7,144.9,144.9,143.55,14093051,2031526970.9,24-JAN-2018,44523,INE175A01038,
JISLJALEQS,EQ,144.7,146.7,142.7,145.6,145.5,144.9,6583931,952933330.25,25-JAN-2018,24680,INE175A01038,
JISLJALEQS,EQ,147.4,150.4,145.35,147.35,147.6,145.6,12111000,1791003042.85,29-JAN-2018,48797,INE175A01038,
JISLJALEQS,EQ,147.7,148.5,142.2,144.7,144.7,147.35,17027110,2472181415.05,30-JAN-2018,58818,INE175A01038,
JISLJALEQS,EQ,142.2,145.1,136.4,139.95,140,144.7,17730695,2500501130.65,31-JAN-2018,70417,INE175A01038,
JISLJALEQS,EQ,141.4,143.3,123.6,126.7,126.8,139.95,45014390,6074016705.15,01-FEB-2018,165740,INE175A01038,
JISLJALEQS,EQ,123.95,125,101.4,116.9,115.9,126.7,42207388,4844758050.6,02-FEB-2018,138937,INE175A01038,
JISLJALEQS,EQ,107.9,123.5,107.9,121.3,122.6,116.9,19584334,2312179891.9,05-FEB-2018,68313,INE175A01038,
JISLJALEQS,EQ,110,116.45,107.45,113.65,113.9,121.3,29587395,3323550589.8,06-FEB-2018,106766,INE175A01038,
JISLJALEQS,EQ,118,118,110.6,111.85,111.5,113.65,16675204,1913607195.8,07-FEB-2018,56670,INE175A01038,
JISLJALEQS,EQ,112.25,116.4,112,115,115.9,111.85,11911594,1368798902.2,08-FEB-2018,36028,INE175A01038,
JISLJALEQS,EQ,111.3,121.65,110.55,118.15,118.5,115,15323838,1786406926.55,09-FEB-2018,55753,INE175A01038,
JISLJALEQS,EQ,120,124,119.55,123.15,123.15,118.15,10629353,1295941579.5,12-FEB-2018,41798,INE175A01038,
JISLJALEQS,EQ,124.3,128.45,124,125.15,124.2,123.15,16913652,2138852154.9,14-FEB-2018,52928,INE175A01038,
JISLJALEQS,EQ,126.1,127.3,118.65,120.05,120.1,125.15,11464365,1407381323.85,15-FEB-2018,46093,INE175A01038,
JISLJALEQS,EQ,121,122.1,117.2,118.8,118.5,120.05,6857458,819039497.55,16-FEB-2018,24736,INE175A01038,
JISLJALEQS,EQ,118.8,118.8,114.95,117.6,117.95,118.8,5432835,633910413.5,19-FEB-2018,24221,INE175A01038,
JISLJALEQS,EQ,117.1,120.7,117.1,118.5,118.4,117.6,5062530,602483950.35,20-FEB-2018,21226,INE175A01038,
JISLJALEQS,EQ,120,120.4,115.6,116.3,116.25,118.5,4582633,536810351.85,21-FEB-2018,16242,INE175A01038,
JISLJALEQS,EQ,114.8,115,112.15,112.75,112.75,116.3,10899352,1232912362,22-FEB-2018,36078,INE175A01038,
JISLJALEQS,EQ,113.3,118.7,112,118,118.5,112.75,12061348,1393159864.4,23-FEB-2018,39443,INE175A01038,
JISLJALEQS,EQ,119.4,121.3,117.75,120.05,120,118,5633537,673816296.95,26-FEB-2018,21454,INE175A01038,
JISLJALEQS,EQ,121.35,123.2,118.65,119.3,119.35,120.05,9429159,1140952118.85,27-FEB-2018,34800,INE175A01038,
JISLJALEQS,EQ,117.35,120,116.25,116.95,117.05,119.3,6000168,706424538.65,28-FEB-2018,27330,INE175A01038,
JISLJALEQS,EQ,117.3,118.75,114.6,115.05,114.95,116.95,4384555,509031653.5,01-MAR-2018,18324,INE175A01038,
JISLJALEQS,EQ,114.7,115.2,110.55,111.2,111.2,115.05,6486214,725716305.25,05-MAR-2018,26844,INE175A01038,
JISLJALEQS,EQ,112.9,114.9,108,109,108,111.2,9700847,1090002941.3,06-MAR-2018,37256,INE175A01038,
JISLJALEQS,EQ,108.75,110.35,104,104.8,104.9,109,9405109,1002473702.75,07-MAR-2018,32116,INE175A01038,
JISLJALEQS,EQ,105.9,107.25,99.75,105.25,105.5,104.8,10040758,1039826668.2,08-MAR-2018,33791,INE175A01038,
JISLJALEQS,EQ,106.7,108,103.5,104.05,104.35,105.25,9541825,1004939714.85,09-MAR-2018,33354,INE175A01038,
JISLJALEQS,EQ,106.25,108.7,103.45,107.85,108.4,104.05,8586386,911728970.2,12-MAR-2018,29752,INE175A01038,
JISLJALEQS,EQ,108.25,111.7,107.5,110.3,110.65,107.85,9589722,1054679171.05,13-MAR-2018,33877,INE175A01038,
JISLJALEQS,EQ,109,111.5,108.45,110.95,111.35,110.3,7549795,829365727.55,14-MAR-2018,20933,INE175A01038,
JISLJALEQS,EQ,111,114.2,110.6,112.3,112.5,110.95,5543566,623750978.1,15-MAR-2018,22987,INE175A01038,
JISLJALEQS,EQ,112.4,113.9,109,109.85,109.9,112.3,7843471,872200961.3,16-MAR-2018,27041,INE175A01038,
JISLJALEQS,EQ,110.5,110.8,105,106.2,106.2,109.85,5217331,558532620.2,19-MAR-2018,19369,INE175A01038,
JISLJALEQS,EQ,105,108.25,104.6,106.6,106.9,106.2,4156749,443007520.2,20-MAR-2018,17024,INE175A01038,
JISLJALEQS,EQ,107.95,109,106.2,106.95,106.6,106.6,3880058,417593892.15,21-MAR-2018,17543,INE175A01038,
JISLJALEQS,EQ,107.6,107.75,104.75,105.1,105.25,106.95,4533962,480014356.85,22-MAR-2018,18765,INE175A01038,
JISLJALEQS,EQ,102.6,107.1,102.1,106.7,106.7,105.1,7464411,783982709.05,23-MAR-2018,37932,INE175A01038,
JISLJALEQS,EQ,105.05,110,105.05,109.1,109.6,106.7,5393703,578967913.75,26-MAR-2018,21347,INE175A01038,
JISLJALEQS,EQ,110.3,111.7,107.55,108.75,108.7,109.1,4873142,533951870.85,27-MAR-2018,15662,INE175A01038,
JISLJALEQS,EQ,108.3,109.1,105.75,106.45,106,108.75,7610991,814329512.6,28-MAR-2018,16776,INE175A01038,
JISLJALEQS,EQ,107,111,106.25,110.1,110.6,106.45,4194552,455890687.85,02-APR-2018,13851,INE175A01038,
JISLJALEQS,EQ,109.45,114.15,108.8,113.6,113.55,110.1,6085318,676235814.3,03-APR-2018,19253,INE175A01038,
JISLJALEQS,EQ,114.45,115.25,110.1,110.55,110.3,113.6,8139807,918332874.35,04-APR-2018,26373,INE175A01038,
JISLJALEQS,EQ,114.45,114.95,112,114.35,114.25,110.55,5129714,581326384.7,05-APR-2018,16442,INE175A01038,
JISLJALEQS,EQ,114.35,114.5,112.25,112.95,112.65,114.35,3889661,439695300.55,06-APR-2018,12094,INE175A01038,
JISLJALEQS,EQ,113.5,114.25,111.4,112.95,112.8,112.95,3422233,386794085.8,09-APR-2018,11803,INE175A01038,
JISLJALEQS,EQ,113.7,114.2,110.9,113.6,113.55,112.95,4766143,536560557.05,10-APR-2018,14817,INE175A01038,
JISLJALEQS,EQ,113.95,114.15,112,112.7,112.55,113.6,3620779,408117371.9,11-APR-2018,10278,INE175A01038,
JISLJALEQS,EQ,112,113.5,109.75,110.55,110.3,112.7,4912197,546582774.45,12-APR-2018,12836,INE175A01038,
JISLJALEQS,EQ,111.15,113.95,110.5,113.25,112.95,110.55,4812856,540572111.5,13-APR-2018,17053,INE175A01038,
JISLJALEQS,EQ,111.9,117,111.55,116.3,116.95,113.25,8200320,941054832.55,16-APR-2018,29666,INE175A01038,
JISLJALEQS,EQ,118,118.2,114.95,116.35,116.15,116.3,6692429,779203813.45,17-APR-2018,24237,INE175A01038,
JISLJALEQS,EQ,116.8,117,114.25,114.65,114.8,116.35,2653506,305861075.45,18-APR-2018,10626,INE175A01038,
JISLJALEQS,EQ,115.4,115.8,114,114.65,114.3,114.65,2768329,318095905.15,19-APR-2018,11323,INE175A01038,
JISLJALEQS,EQ,114.3,114.5,111.05,111.95,111.85,114.65,3367749,378438638.1,20-APR-2018,12299,INE175A01038,
JISLJALEQS,EQ,112,113.4,111.5,112.55,113,111.95,2870129,322828248.2,23-APR-2018,11055,INE175A01038,
JISLJALEQS,EQ,112.85,113.85,111.4,113.15,113.1,112.55,3306249,372637132.75,24-APR-2018,10820,INE175A01038,
JISLJALEQS,EQ,112.5,116,112.5,114.25,114.25,113.15,5384121,616612863.25,25-APR-2018,27744,INE175A01038,
JISLJALEQS,EQ,114.3,116.45,112.3,115.15,115.9,114.25,7193032,824560926.1,26-APR-2018,23061,INE175A01038,
JISLJALEQS,EQ,116.25,117.6,115.1,116.45,116.5,115.15,3656453,425551620.2,27-APR-2018,16158,INE175A01038,
JISLJALEQS,EQ,116.7,117.4,115.9,116.75,116.8,116.45,1827391,213170348.7,30-APR-2018,6997,INE175A01038,
JISLJALEQS,EQ,116.15,118.1,111.5,112.95,113,116.75,4166584,479717315.8,02-MAY-2018,18161,INE175A01038,
JISLJALEQS,EQ,112.7,114.25,110.8,112.9,112.75,112.95,2909117,327834321.05,03-MAY-2018,12399,INE175A01038,
JISLJALEQS,EQ,112.75,113.7,111.25,112.25,112.25,112.9,2152979,242368406.25,04-MAY-2018,8273,INE175A01038,
JISLJALEQS,EQ,112.7,113.8,111.9,113.15,113.2,112.25,1501653,169578268.8,07-MAY-2018,6406,INE175A01038,
JISLJALEQS,EQ,113.4,114.15,111.6,112.6,112.4,113.15,2182126,246418197.85,08-MAY-2018,11724,INE175A01038,
JISLJALEQS,EQ,111.3,113.5,111.3,112.2,112.1,112.6,1763201,198405407.2,09-MAY-2018,7305,INE175A01038,
JISLJALEQS,EQ,112.65,112.75,105.9,106.4,106.5,112.2,6235830,676018207.85,10-MAY-2018,27165,INE175A01038,
JISLJALEQS,EQ,106.5,107.95,103.4,106.25,106.1,106.4,5424101,574883936.55,11-MAY-2018,29677,INE175A01038,
JISLJALEQS,EQ,106.8,107.85,103.6,105.05,104.9,106.25,2791491,293473121.35,14-MAY-2018,12146,INE175A01038,
JISLJALEQS,EQ,104.3,108,102.8,103.75,103.5,105.05,4426052,466167131.25,15-MAY-2018,18152,INE175A01038,
JISLJALEQS,EQ,103,105.65,101,104.95,104.75,103.75,5905661,614207543.4,16-MAY-2018,19680,INE175A01038,
JISLJALEQS,EQ,105.25,106.05,103.4,105.35,105.55,104.95,2550367,266833337.2,17-MAY-2018,11920,INE175A01038,
JISLJALEQS,EQ,105.05,105.8,100.8,101.5,101.55,105.35,3027963,310923341.3,18-MAY-2018,14024,INE175A01038,
JISLJALEQS,EQ,101.95,102.65,98.25,98.95,98.8,101.5,3640253,362742590.25,21-MAY-2018,15963,INE175A01038,
JISLJALEQS,EQ,98.4,101.9,97.65,101.05,101.25,98.95,3251643,324793737.1,22-MAY-2018,13157,INE175A01038,
JISLJALEQS,EQ,101.1,103.55,100.8,102.3,101.65,101.05,4844962,495297220.5,23-MAY-2018,23033,INE175A01038,
JISLJALEQS,EQ,104.8,105.2,92.5,97.95,97.7,102.3,19101003,1878617070.4,24-MAY-2018,74486,INE175A01038,
JISLJALEQS,EQ,97.95,105.5,97.9,103.9,104.6,97.95,16445243,1694592559.4,25-MAY-2018,71209,INE175A01038,
JISLJALEQS,EQ,105,107.3,104.4,105.75,106,103.9,5102798,539313880.05,28-MAY-2018,24645,INE175A01038,
JISLJALEQS,EQ,105.5,107,104.45,106,105.9,105.75,4422062,468026748.75,29-MAY-2018,30105,INE175A01038,
JISLJALEQS,EQ,105.3,106.75,102.5,103.6,103.95,106,5884336,615975360.55,30-MAY-2018,21494,INE175A01038,
JISLJALEQS,EQ,104.05,105.15,101.2,103.55,103.75,103.6,5693123,586645423.5,31-MAY-2018,19862,INE175A01038,
JISLJALEQS,EQ,103.8,105.75,101.8,103,102.6,103.55,4364270,451407758.95,01-JUN-2018,17298,INE175A01038,
JISLJALEQS,EQ,103.9,103.9,99,99.75,100,103,4555018,462158937.3,04-JUN-2018,20298,INE175A01038,
JISLJALEQS,EQ,99.85,100.7,96.65,99,99.1,99.75,4655415,459782437.5,05-JUN-2018,22297,INE175A01038,
JISLJALEQS,EQ,99,101.8,97.8,101.4,101.8,99,3970615,397792421.1,06-JUN-2018,21955,INE175A01038,
JISLJALEQS,EQ,101.9,103.85,101.9,102.85,102.75,101.4,3634302,373997389.1,07-JUN-2018,19309,INE175A01038,
JISLJALEQS,EQ,101.75,103.8,101.5,103.55,103.5,102.85,2457800,252669137.45,08-JUN-2018,14477,INE175A01038,
JISLJALEQS,EQ,104,104.45,102.2,102.85,102.35,103.55,1980595,204902988.1,11-JUN-2018,8996,INE175A01038,
JISLJALEQS,EQ,102.3,103.15,101.35,101.8,101.9,102.85,1721171,175585284.9,12-JUN-2018,9562,INE175A01038,
JISLJALEQS,EQ,102.7,102.9,100.8,101.2,101.05,101.8,1787507,181909781.15,13-JUN-2018,11633,INE175A01038,
JISLJALEQS,EQ,101,101.5,99.5,100.35,100.2,101.2,2488198,249757691.55,14-JUN-2018,11322,INE175A01038,
JISLJALEQS,EQ,100.75,100.75,97.05,97.75,97.35,100.35,5152162,506441360.7,15-JUN-2018,30752,INE175A01038,
JISLJALEQS,EQ,97.35,98,96.1,97.35,97.7,97.75,2321120,225180394.35,18-JUN-2018,12470,INE175A01038,
JISLJALEQS,EQ,96.55,98.4,94.5,94.85,95,97.35,3956495,380743818.45,19-JUN-2018,20124,INE175A01038,
JISLJALEQS,EQ,95.2,97.4,93.1,96.9,96.8,94.85,3581860,342134323.75,20-JUN-2018,20655,INE175A01038,
JISLJALEQS,EQ,96.4,96.55,93.6,94.2,94.1,96.9,3894642,368824129,21-JUN-2018,17850,INE175A01038,
JISLJALEQS,EQ,94,94.5,92.5,94,94,94.2,5229504,489272461.55,22-JUN-2018,23558,INE175A01038,
JISLJALEQS,EQ,92.95,93.65,91.1,92.05,91.85,94,4084023,376441571.2,25-JUN-2018,16648,INE175A01038,
JISLJALEQS,EQ,91.6,92.35,89.9,90.5,90.2,92.05,3615904,329254668.5,26-JUN-2018,22387,INE175A01038,
JISLJALEQS,EQ,89.9,89.95,83.5,86.85,86.85,90.5,11508478,993454340.45,27-JUN-2018,35571,INE175A01038,
JISLJALEQS,EQ,86.15,86.25,78.25,79.3,78.4,86.85,15747355,1277244504.7,28-JUN-2018,44903,INE175A01038,
JISLJALEQS,EQ,79.35,80.3,74.25,76.8,76.8,79.3,16265122,1253051758.7,29-JUN-2018,57336,INE175A01038,
JISLJALEQS,EQ,77.25,79.05,75.8,76.35,76,76.8,7295755,562984804.7,02-JUL-2018,28682,INE175A01038,
JISLJALEQS,EQ,76.3,78.85,75.4,77.7,78.4,76.35,6843708,528870707.5,03-JUL-2018,25417,INE175A01038,
JISLJALEQS,EQ,77.75,78.5,77,78.05,77.95,77.7,3877890,302057089,04-JUL-2018,15199,INE175A01038,
JISLJALEQS,EQ,78.05,79.1,75.3,76.1,75.9,78.05,4646562,360352118.2,05-JUL-2018,20740,INE175A01038,
JISLJALEQS,EQ,75.55,81.5,74.75,80.65,80.55,76.1,9853183,779917750.25,06-JUL-2018,32692,INE175A01038,
JISLJALEQS,EQ,81.2,85.2,81.15,84.15,83.8,80.65,9138419,764306586.25,09-JUL-2018,35579,INE175A01038,
JISLJALEQS,EQ,84.3,85.8,82.15,83.15,82.95,84.15,5140626,432339100.05,10-JUL-2018,19839,INE175A01038,
JISLJALEQS,EQ,82.7,86.2,81.9,84.25,84.4,83.15,7339887,620470640.05,11-JUL-2018,27628,INE175A01038,
JISLJALEQS,EQ,85.2,87,82.35,83.6,83.3,84.25,6047771,513327744.75,12-JUL-2018,23398,INE175A01038,
JISLJALEQS,EQ,83.9,85.85,81.15,83.95,83.7,83.6,5410762,449814537.8,13-JUL-2018,21629,INE175A01038,
JISLJALEQS,EQ,83.8,83.8,77.55,78.15,77.9,83.95,5542748,440918156.15,16-JUL-2018,20165,INE175A01038,
JISLJALEQS,EQ,76.9,83.3,76.6,82.75,82.8,78.15,8852008,719705487.85,17-JUL-2018,37099,INE175A01038,
JISLJALEQS,EQ,83.25,84.8,78.6,78.95,78.95,82.75,8008913,650290906.9,18-JUL-2018,24527,INE175A01038,
JISLJALEQS,EQ,79.95,80.6,72.5,74,73.7,78.95,14840148,1119157450.15,19-JUL-2018,67633,INE175A01038,
JISLJALEQS,EQ,74.95,77.85,73.75,74.65,74.8,74,15994691,1212253266.8,20-JUL-2018,59859,INE175A01038,
JISLJALEQS,EQ,75.2,75.7,71.7,73.9,74.1,74.65,7487832,550006438.3,23-JUL-2018,27154,INE175A01038,
JISLJALEQS,EQ,74.55,78.2,73.8,77.7,77.8,73.9,8850423,678666537.7,24-JUL-2018,29789,INE175A01038,
JISLJALEQS,EQ,78.35,79.85,76.7,77.4,77.45,77.7,6404202,500688149.25,25-JUL-2018,27719,INE175A01038,
JISLJALEQS,EQ,77.6,80.9,77.15,80,80.55,77.4,6178451,486720106.45,26-JUL-2018,20564,INE175A01038,
JISLJALEQS,EQ,80.75,82.75,80.3,82.25,82.5,80,6533168,533142772.4,27-JUL-2018,21472,INE175A01038,
JISLJALEQS,EQ,82.5,84.9,81.55,84,84.2,82.25,5786261,482708221.35,30-JUL-2018,20947,INE175A01038,
JISLJALEQS,EQ,83.25,83.9,80.35,81.6,81.95,84,6755203,552617051.8,31-JUL-2018,20399,INE175A01038,
JISLJALEQS,EQ,82,82.8,80.55,81.6,81.5,81.6,3573251,292204056.6,01-AUG-2018,11249,INE175A01038,
JISLJALEQS,EQ,81,82.9,79.85,81.6,81.55,81.6,5348800,435548330,02-AUG-2018,16171,INE175A01038,
JISLJALEQS,EQ,82.2,84.5,81.75,82.85,82.7,81.6,6058989,504276174.3,03-AUG-2018,17268,INE175A01038,
JISLJALEQS,EQ,83.3,84.65,82.8,83.6,83.45,82.85,5215484,436207953.9,06-AUG-2018,14432,INE175A01038,
JISLJALEQS,EQ,84.5,87.45,84.5,85.95,86,83.6,11674635,1007757749.25,07-AUG-2018,42492,INE175A01038,
JISLJALEQS,EQ,86.7,86.7,83.65,84.95,84.8,85.95,4861243,414143166.75,08-AUG-2018,14711,INE175A01038,
JISLJALEQS,EQ,85.25,86.35,84.2,85.85,85.9,84.95,4353872,371317192.1,09-AUG-2018,12051,INE175A01038,
JISLJALEQS,EQ,86.1,87,83.65,84.1,84,85.85,6704088,571512683.5,10-AUG-2018,17250,INE175A01038,
JISLJALEQS,EQ,83.7,87,81.55,83.3,83.55,84.1,12188449,1027153347.25,13-AUG-2018,38625,INE175A01038,
JISLJALEQS,EQ,83.95,84.15,81.25,83.25,83.55,83.3,7887095,650546435.9,14-AUG-2018,22375,INE175A01038,
JISLJALEQS,EQ,83.4,83.4,75,75.7,75.6,83.25,16354899,1275076834.8,16-AUG-2018,52981,INE175A01038,
JISLJALEQS,EQ,76.5,77.5,74.5,75.55,75.6,75.7,18270124,1391023048.5,17-AUG-2018,43246,INE175A01038,
JISLJALEQS,EQ,76.1,77.4,75.75,76.7,76.35,75.55,12868286,986010090.65,20-AUG-2018,22054,INE175A01038,
JISLJALEQS,EQ,77,77.9,76.3,77.55,77.7,76.7,6804220,524783306.3,21-AUG-2018,18160,INE175A01038,
JISLJALEQS,EQ,78,78.4,76.85,77.4,77.2,77.55,4406005,341348722.65,23-AUG-2018,13058,INE175A01038,
JISLJALEQS,EQ,77.65,77.65,74.6,75.45,75.45,77.4,5454150,412667210.7,24-AUG-2018,19808,INE175A01038,
JISLJALEQS,EQ,76.15,77.9,75.65,77.3,77.25,75.45,6121627,469928986.9,27-AUG-2018,15771,INE175A01038,
JISLJALEQS,EQ,77.75,80.2,77.05,79.7,79.65,77.3,8967179,707859330.8,28-AUG-2018,26074,INE175A01038,
JISLJALEQS,EQ,79.95,84,79.5,82.95,83.1,79.7,14396419,1187985907.15,29-AUG-2018,34288,INE175A01038,
JISLJALEQS,EQ,83.5,86.4,83.5,85.6,85.6,82.95,11748689,1001174503.6,30-AUG-2018,37992,INE175A01038,
JISLJALEQS,EQ,85.7,86.75,84.05,85.25,85.5,85.6,4846373,413020462.2,31-AUG-2018,17552,INE175A01038,
JISLJALEQS,EQ,85.7,89.1,85.1,86.5,86.9,85.25,8533118,746118666.65,03-SEP-2018,25954,INE175A01038,
JISLJALEQS,EQ,87,87,82.2,83.05,83.4,86.5,7321984,617794159.25,04-SEP-2018,21329,INE175A01038,
JISLJALEQS,EQ,83.05,86,81.85,85.5,85.35,83.05,6404151,538499615.65,05-SEP-2018,20399,INE175A01038,
JISLJALEQS,EQ,85.7,86.9,84.1,86.2,86,85.5,4553918,390030087.65,06-SEP-2018,13920,INE175A01038,
JISLJALEQS,EQ,86.45,88.95,85.65,87.45,87.15,86.2,7423497,649810716.4,07-SEP-2018,32211,INE175A01038,
JISLJALEQS,EQ,87.55,88.3,85,85.35,85.4,87.45,4195789,361808761.3,10-SEP-2018,19909,INE175A01038,
JISLJALEQS,EQ,85.3,86.25,82.3,82.95,82.8,85.35,3482872,292785821.65,11-SEP-2018,19374,INE175A01038,
JISLJALEQS,EQ,82.4,87.2,80.1,86.75,86.6,82.95,6758240,566929386.5,12-SEP-2018,24054,INE175A01038,
JISLJALEQS,EQ,87.65,88.45,84.35,85.05,85,86.75,7831943,672134041.15,14-SEP-2018,31307,INE175A01038,
JISLJALEQS,EQ,84.5,84.75,82.55,83.1,82.95,85.05,3643612,304216166.1,17-SEP-2018,14518,INE175A01038,
JISLJALEQS,EQ,82.95,83.6,80,80.25,80.3,83.1,4626996,377770454.75,18-SEP-2018,15912,INE175A01038,
JISLJALEQS,EQ,79,81,77.05,80.05,80.35,80.25,9936419,784794536.35,19-SEP-2018,36929,INE175A01038,
JISLJALEQS,EQ,80.8,81.75,74.4,79.85,79.85,80.05,7190654,570535012.95,21-SEP-2018,23037,INE175A01038,
JISLJALEQS,EQ,79,79,75.1,76.2,75.3,79.85,4809851,370379708.65,24-SEP-2018,17003,INE175A01038,
JISLJALEQS,EQ,75.7,77.4,73.4,75.05,75.2,76.2,5509083,414132295.5,25-SEP-2018,19995,INE175A01038,
JISLJALEQS,EQ,76.4,77.5,75.5,76.25,76.5,75.05,4303123,329016212.75,26-SEP-2018,11024,INE175A01038,
JISLJALEQS,EQ,76,76.85,71.5,72,72,76.25,5945985,437111931.85,27-SEP-2018,23723,INE175A01038,
JISLJALEQS,EQ,72,72.3,58.8,61.05,61.1,72,18084710,1176343002.4,28-SEP-2018,48178,INE175A01038,
JISLJALEQS,EQ,61,64.7,55,63.95,64.5,61.05,15619217,941370791.6,01-OCT-2018,42229,INE175A01038,
JISLJALEQS,EQ,64.2,69.35,62.5,66.55,66,63.95,8565397,571787924.65,03-OCT-2018,29699,INE175A01038,
JISLJALEQS,EQ,65,67.5,64,66.45,66.1,66.55,5965476,392737319.25,04-OCT-2018,17931,INE175A01038,
JISLJALEQS,EQ,66.05,67.75,61.85,62.9,63.3,66.45,5902482,381541958.65,05-OCT-2018,20442,INE175A01038,
JISLJALEQS,EQ,63,64.3,59.5,61.45,61.9,62.9,6204801,382891363.55,08-OCT-2018,27360,INE175A01038,
JISLJALEQS,EQ,62.9,64.35,60.5,63.2,63.1,61.45,7192802,451206377.05,09-OCT-2018,29549,INE175A01038,
JISLJALEQS,EQ,63.5,67.95,63.2,66.25,66.4,63.2,5795090,382287950.45,10-OCT-2018,16841,INE175A01038,
JISLJALEQS,EQ,63.7,67.35,63,65.4,65.3,66.25,6108962,400401387.75,11-OCT-2018,30244,INE175A01038,
JISLJALEQS,EQ,66.5,67.9,66.05,66.9,66.95,65.4,4633948,310282058.2,12-OCT-2018,14411,INE175A01038,
JISLJALEQS,EQ,67.5,67.5,65,66.25,66.3,66.9,4820396,318904912.05,15-OCT-2018,14155,INE175A01038,
JISLJALEQS,EQ,66.8,68.35,66.3,67.35,67.55,66.25,4122656,277270793.7,16-OCT-2018,20105,INE175A01038,
JISLJALEQS,EQ,69,69.55,65.2,65.85,65.5,67.35,6126017,412630161.65,17-OCT-2018,18640,INE175A01038,
JISLJALEQS,EQ,64.9,66.45,63.6,65.4,65.75,65.85,5025200,327062934.2,19-OCT-2018,12356,INE175A01038,
JISLJALEQS,EQ,66,66.2,63.65,64.9,64.75,65.4,4083823,265163993.7,22-OCT-2018,13979,INE175A01038,
JISLJALEQS,EQ,64,65.7,63.8,65.1,65.35,64.9,3428479,222118027.8,23-OCT-2018,11975,INE175A01038,
JISLJALEQS,EQ,66.15,67.1,65.4,66.6,67,65.1,4053890,268500918.6,24-OCT-2018,10669,INE175A01038,
JISLJALEQS,EQ,65.95,67.3,64.6,65,65.2,66.6,4918555,323678958.85,25-OCT-2018,18351,INE175A01038,
JISLJALEQS,EQ,65.55,68.6,64.1,67.8,67.8,65,5537019,369933013.65,26-OCT-2018,18123,INE175A01038,
JISLJALEQS,EQ,68,70.9,67.2,70.2,69.5,67.8,4958693,344621455.5,29-OCT-2018,16196,INE175A01038,
JISLJALEQS,EQ,69,72.6,68.8,70.35,70.7,70.2,5275284,374087075.1,30-OCT-2018,16388,INE175A01038,
JISLJALEQS,EQ,70.75,71.75,69.75,71.1,71,70.35,4182301,296692028.9,31-OCT-2018,8817,INE175A01038,
JISLJALEQS,EQ,71.6,74.3,71.25,73.8,74.25,71.1,4148439,303915144.65,01-NOV-2018,14401,INE175A01038,
JISLJALEQS,EQ,74.8,75.95,74.2,74.95,75.2,73.8,3395859,255066660.35,02-NOV-2018,10215,INE175A01038,
JISLJALEQS,EQ,74.5,75.5,72.95,74.85,75.2,74.95,2838468,210850228.25,05-NOV-2018,11311,INE175A01038,
JISLJALEQS,EQ,75.5,75.6,73.35,73.9,73.8,74.85,4218257,312848904,06-NOV-2018,13298,INE175A01038,
JISLJALEQS,EQ,74.25,76.4,73.85,76.2,76.2,74.3,3137508,237213078.3,09-NOV-2018,9406,INE175A01038,
JISLJALEQS,EQ,76.7,76.8,73.2,75.4,75.75,76.2,5202410,390778151.75,12-NOV-2018,12032,INE175A01038,
JISLJALEQS,EQ,74.95,76,71.15,73.55,73.8,75.4,6894655,502982350.85,13-NOV-2018,26105,INE175A01038,
JISLJALEQS,EQ,73.85,74.2,72,73.6,73.5,73.55,3699886,270464328.55,14-NOV-2018,19567,INE175A01038,
JISLJALEQS,EQ,73.8,74.5,71.8,72.75,72.5,73.6,4935889,360240213.25,15-NOV-2018,17211,INE175A01038,
JISLJALEQS,EQ,73,73.15,71.2,72.6,72.8,72.75,4436999,320900166.65,16-NOV-2018,11343,INE175A01038,
JISLJALEQS,EQ,72.95,74.65,72.6,74.15,74.1,72.6,4818931,354004816.75,19-NOV-2018,12698,INE175A01038,
JISLJALEQS,EQ,73.9,74.05,69.55,69.95,69.9,74.15,4763347,340193226.95,20-NOV-2018,15749,INE175A01038,
JISLJALEQS,EQ,70.15,71.75,69.65,71.4,71.6,69.95,3255852,231105848,21-NOV-2018,16709,INE175A01038,
JISLJALEQS,EQ,71.4,71.5,68.25,68.5,68.55,71.4,3691465,256342909.4,22-NOV-2018,12810,INE175A01038,
JISLJALEQS,EQ,69.05,70.5,67.3,70,70.4,68.5,4116121,283978930.95,26-NOV-2018,10238,INE175A01038,
JISLJALEQS,EQ,69.8,70.4,67.6,68.6,68.55,70,8264869,569307684,27-NOV-2018,15915,INE175A01038,
JISLJALEQS,EQ,68.7,69.05,65.85,66.15,65.85,68.6,6764152,452324749.85,28-NOV-2018,15351,INE175A01038,
JISLJALEQS,EQ,66.6,67.45,64.25,66.05,66,66.15,6376982,421279733.6,29-NOV-2018,14825,INE175A01038,
JISLJALEQS,EQ,66.35,67.4,65.3,66.55,66.35,66.05,3734953,249028775.05,30-NOV-2018,10776,INE175A01038,
JISLJALEQS,EQ,66.8,67.15,65.4,66.55,67.1,66.55,3943107,261997996.75,03-DEC-2018,6831,INE175A01038,
JISLJALEQS,EQ,66.6,67.15,65.15,65.4,65.6,66.55,3519036,231897865.2,04-DEC-2018,10968,INE175A01038,
JISLJALEQS,EQ,65,65.95,62.3,63.75,63.7,65.4,6117692,391938392.2,05-DEC-2018,21016,INE175A01038,
JISLJALEQS,EQ,63.5,63.5,61.35,61.6,61.7,63.75,3702679,230263591.8,06-DEC-2018,14021,INE175A01038,
JISLJALEQS,EQ,62.2,62.5,60.05,61.6,61.85,61.6,3723758,229064696.45,07-DEC-2018,11724,INE175A01038,
JISLJALEQS,EQ,60.9,60.9,59.6,60.4,60.65,61.6,3059916,184525545.85,10-DEC-2018,7343,INE175A01038,
JISLJALEQS,EQ,57.6,61.4,57.6,60.85,60.9,60.4,5228220,313717583.9,11-DEC-2018,17325,INE175A01038,
JISLJALEQS,EQ,61.45,64.85,61.2,64.65,64.7,60.85,3813189,242029408.75,12-DEC-2018,10736,INE175A01038,
JISLJALEQS,EQ,65.95,67.5,64.25,66.25,66.6,64.65,8969186,591771132.65,13-DEC-2018,35279,INE175A01038,
JISLJALEQS,EQ,66.6,66.8,65.25,66.6,66.55,66.25,4161799,275084374.5,14-DEC-2018,11529,INE175A01038,
JISLJALEQS,EQ,66.85,67.3,65.9,66.6,66.45,66.6,1898340,126202548,17-DEC-2018,6099,INE175A01038,
JISLJALEQS,EQ,66,66.45,64.8,65.7,65.6,66.6,3206359,210158085.2,18-DEC-2018,10306,INE175A01038,
JISLJALEQS,EQ,65.6,67.6,64.85,66.5,66.4,65.7,6857702,453898983.45,19-DEC-2018,17013,INE175A01038,
JISLJALEQS,EQ,66,69.75,66,68.9,69.05,66.5,10492197,721541396.9,20-DEC-2018,28154,INE175A01038,
JISLJALEQS,EQ,69.05,69.7,67,69.05,68.95,68.9,6574889,449928148.6,21-DEC-2018,24889,INE175A01038,
JISLJALEQS,EQ,68.95,69.35,67.2,67.55,67.4,69.05,3370454,229516459.9,24-DEC-2018,9937,INE175A01038,
JISLJALEQS,EQ,67,67.45,65.1,66.55,66.6,67.55,4303028,285273534.35,26-DEC-2018,13098,INE175A01038,
JISLJALEQS,EQ,67.15,67.85,66.3,67.05,66.7,66.55,4692421,314885606.45,27-DEC-2018,14887,INE175A01038,
JISLJALEQS,EQ,67.4,70.6,67.1,69.2,69.2,67.05,9357176,649553638,28-DEC-2018,25011,INE175A01038,
JISLJALEQS,EQ,69.5,70.3,69.15,69.8,69.95,69.2,3317840,231389900.9,31-DEC-2018,9131,INE175A01038,
JISLJALEQS,EQ,70,70.1,68.35,69,69,69.8,3122895,215537804.1,01-JAN-2019,6758,INE175A01038,
JISLJALEQS,EQ,68.95,69.55,67.05,67.55,67.8,69,4223267,288055413.8,02-JAN-2019,9705,INE175A01038,
JISLJALEQS,EQ,68.9,68.9,64.55,64.8,64.65,67.55,7325153,484800211.55,03-JAN-2019,24798,INE175A01038,
JISLJALEQS,EQ,65.2,66.65,64.3,66.35,66.4,64.8,5286971,346623951.7,04-JAN-2019,13269,INE175A01038,
JISLJALEQS,EQ,66.75,68.5,66.3,67.1,67,66.35,3736845,252058837.7,07-JAN-2019,12259,INE175A01038,
JISLJALEQS,EQ,67.1,67.3,65.95,66.6,66.65,67.1,4466540,297312729.8,08-JAN-2019,12893,INE175A01038,
JISLJALEQS,EQ,67.15,67.5,65.9,66.75,66.6,66.6,2990498,199393913.4,09-JAN-2019,9940,INE175A01038,
JISLJALEQS,EQ,66.8,68,66.45,67.65,67.5,66.75,4126063,277596943.25,10-JAN-2019,18206,INE175A01038,
JISLJALEQS,EQ,67.75,68,66.5,66.9,67.05,67.65,3322932,222429223.85,11-JAN-2019,9736,INE175A01038,
JISLJALEQS,EQ,66.8,67,64.05,64.35,64.15,66.9,4025212,262228627.3,14-JAN-2019,11162,INE175A01038,
JISLJALEQS,EQ,64.6,66.05,64.05,65.9,65.85,64.35,2976173,194893858.6,15-JAN-2019,13178,INE175A01038,
JISLJALEQS,EQ,66,66.85,65.55,66.45,66.65,65.9,3186932,211558499.7,16-JAN-2019,8205,INE175A01038,
JISLJALEQS,EQ,66.45,66.85,65,65.25,65.2,66.45,2717221,178261229.4,17-JAN-2019,7555,INE175A01038,
JISLJALEQS,EQ,65.8,65.8,64.3,64.65,64.75,65.25,3117499,202596733.35,18-JAN-2019,8015,INE175A01038,
JISLJALEQS,EQ,64.8,64.8,59.5,61.85,61.7,64.65,12953662,797732700.25,21-JAN-2019,47487,INE175A01038,
JISLJALEQS,EQ,61.85,63,60,61.45,61.3,61.85,6284028,386826677.15,22-JAN-2019,23814,INE175A01038,
JISLJALEQS,EQ,61.5,62.35,60.5,60.85,60.8,61.45,6554646,400858174.3,23-JAN-2019,29536,INE175A01038,
JISLJALEQS,EQ,60.1,61.35,60.1,60.6,61,60.85,6885259,418496740.9,24-JAN-2019,19009,INE175A01038,
JISLJALEQS,EQ,60.6,61.3,57,59.25,59.3,60.6,13278519,782719855.6,25-JAN-2019,48015,INE175A01038,
JISLJALEQS,EQ,59.3,59.75,57.5,58.1,57.9,59.25,8476395,492797642.1,28-JAN-2019,29927,INE175A01038,
JISLJALEQS,EQ,57.75,58.95,57.5,58.35,58.6,58.1,7158483,416906428.2,29-JAN-2019,23689,INE175A01038,
JISLJALEQS,EQ,58.6,59.25,58,58.65,58.25,58.35,5221179,306159248.75,30-JAN-2019,21018,INE175A01038,
JISLJALEQS,EQ,59,61.4,58.6,61,61.25,58.65,8192364,491685413.7,31-JAN-2019,28900,INE175A01038,
JISLJALEQS,EQ,61.95,62.9,58.05,59.25,59.5,61,18900531,1146896786.45,01-FEB-2019,48650,INE175A01038,
JISLJALEQS,EQ,58.65,58.85,51.65,54.55,54.75,59.25,14425269,795416464.65,04-FEB-2019,28979,INE175A01038,
JISLJALEQS,EQ,54.4,55.75,52,52.6,52.45,54.55,11322032,605776873.65,05-FEB-2019,21655,INE175A01038,
JISLJALEQS,EQ,52.4,55.1,51.25,54.45,54.65,52.6,9099694,482443390.9,06-FEB-2019,16624,INE175A01038,
JISLJALEQS,EQ,54.7,56.9,54,56,55.8,54.45,8083816,450092419.8,07-FEB-2019,18561,INE175A01038,
JISLJALEQS,EQ,55.75,56.6,54.2,54.75,54.8,56,4812754,267233343.55,08-FEB-2019,9397,INE175A01038,
JISLJALEQS,EQ,54.95,54.95,51.75,54.05,54.3,54.75,5571792,297340867.7,11-FEB-2019,14303,INE175A01038,
JISLJALEQS,EQ,54,55,53.55,54.25,54.15,54.05,3358063,182100124,12-FEB-2019,9386,INE175A01038,
JISLJALEQS,EQ,54.45,55,48.8,51.05,51.25,54.25,31549685,1591564606.75,13-FEB-2019,71895,INE175A01038,
JISLJALEQS,EQ,51.1,57.85,50.5,55.65,56.15,51.05,18707552,1002060358,14-FEB-2019,38127,INE175A01038,
JISLJALEQS,EQ,55.95,57.7,54.25,55.55,55.3,55.65,15923456,895461167.35,15-FEB-2019,29882,INE175A01038,
JISLJALEQS,EQ,55.85,56.05,53,54.05,54.1,55.55,5916741,323493558.35,18-FEB-2019,11695,INE175A01038,
JISLJALEQS,EQ,54,55.25,53.75,54.55,54.65,54.05,3878120,211362287.2,19-FEB-2019,8461,INE175A01038,
JISLJALEQS,EQ,54.7,56.8,54.7,55.9,56,54.55,4845742,270265648.95,20-FEB-2019,21313,INE175A01038,
JISLJALEQS,EQ,55.9,57.55,55.3,57.2,57,55.9,4779279,270627178.75,21-FEB-2019,14714,INE175A01038,
JISLJALEQS,EQ,57.5,58.65,56.5,57.85,57.6,57.2,4709878,272545894.35,22-FEB-2019,11480,INE175A01038,
JISLJALEQS,EQ,57.95,58.1,56.6,56.85,56.7,57.85,3454240,197321024.2,25-FEB-2019,8277,INE175A01038,
JISLJALEQS,EQ,56.9,57.85,55.05,57.25,57.25,56.85,5526275,314004974.05,26-FEB-2019,12364,INE175A01038,
JISLJALEQS,EQ,57.5,58.5,55.8,56.2,56.15,57.25,5227656,297129264.65,27-FEB-2019,16159,INE175A01038,
JISLJALEQS,EQ,56.7,57.65,55.9,56.85,57.05,56.2,6254560,355748501.95,28-FEB-2019,10108,INE175A01038,
JISLJALEQS,EQ,57.05,61.05,57.05,60.75,60.8,56.85,8103816,482811222.95,01-MAR-2019,21211,INE175A01038,
JISLJALEQS,EQ,60.35,62.95,60.35,62.65,62.65,60.75,5258486,326215636.4,05-MAR-2019,15369,INE175A01038,
JISLJALEQS,EQ,63,64.3,61.15,61.95,62.1,62.65,5887938,367073748.9,06-MAR-2019,15593,INE175A01038,
JISLJALEQS,EQ,62,63.45,60.75,62.7,62.8,61.95,3656471,227959522.15,07-MAR-2019,12663,INE175A01038,
JISLJALEQS,EQ,62.95,62.95,60.45,60.75,60.75,62.7,3985880,244033265.6,08-MAR-2019,9435,INE175A01038,
JISLJALEQS,EQ,61,63.4,60.35,63.05,62.9,60.75,3457934,215680571.35,11-MAR-2019,9336,INE175A01038,
JISLJALEQS,EQ,63.35,63.85,61.4,62.85,62.7,63.05,5972399,373458575.65,12-MAR-2019,11256,INE175A01038,
JISLJALEQS,EQ,62.95,63.05,61.5,62.15,62.05,62.85,2392901,148943038.25,13-MAR-2019,5767,INE175A01038,
JISLJALEQS,EQ,62.4,62.45,60.1,61.85,62.1,62.15,5258589,321520057.25,14-MAR-2019,17193,INE175A01038,
JISLJALEQS,EQ,62.15,63.2,61.4,62.2,61.9,61.85,4345324,269785824.75,15-MAR-2019,9980,INE175A01038,
JISLJALEQS,EQ,62.5,62.8,60.5,60.9,61,62.2,3490734,213833408.15,18-MAR-2019,7874,INE175A01038,
JISLJALEQS,EQ,61.45,64.6,61.1,63.4,63.45,60.9,5075690,320627647.8,19-MAR-2019,14857,INE175A01038,
JISLJALEQS,EQ,63.5,63.75,60.6,61.15,61.2,63.4,6057975,373281394.65,20-MAR-2019,17035,INE175A01038,
JISLJALEQS,EQ,61.6,62.2,60.35,60.55,60.6,61.15,4307364,263029608.4,22-MAR-2019,11907,INE175A01038,
JISLJALEQS,EQ,60.2,60.3,57.1,57.45,57.85,60.55,8923794,518651724.65,25-MAR-2019,16005,INE175A01038,
JISLJALEQS,EQ,57.55,59.35,57.55,57.95,58.25,57.45,4339632,252825223.8,26-MAR-2019,11863,INE175A01038,
JISLJALEQS,EQ,58,58.5,56.7,57.1,56.8,57.95,5803172,332991821.1,27-MAR-2019,18996,INE175A01038,
JISLJALEQS,EQ,56.55,58.9,56.4,58.5,58,57.1,9446419,546932147.6,28-MAR-2019,20589,INE175A01038,
JISLJALEQS,EQ,58.05,59.2,58.05,58.9,59.05,58.5,5826071,342100194.4,29-MAR-2019,11166,INE175A01038,
JISLJALEQS,EQ,59.1,61.95,58.7,58.95,59,58.9,7314671,439322184.9,01-APR-2019,19030,INE175A01038,
JISLJALEQS,EQ,59.2,60.25,58.5,59.7,59.75,58.95,4530150,269566755.9,02-APR-2019,11740,INE175A01038,
JISLJALEQS,EQ,59.8,60.35,57.4,57.65,57.5,59.7,4750141,277736586.95,03-APR-2019,14169,INE175A01038,
JISLJALEQS,EQ,57.3,58,56.8,57.5,57.35,57.65,4547127,261475244.55,04-APR-2019,10699,INE175A01038,
JISLJALEQS,EQ,57.5,58.15,56.5,56.85,57.05,57.5,4127995,235590003.25,05-APR-2019,14134,INE175A01038,
JISLJALEQS,EQ,57,58.5,55.3,55.65,55.65,56.85,7128130,403241280.15,08-APR-2019,20563,INE175A01038,
JISLJALEQS,EQ,55.7,56.95,55.05,56.55,56.6,55.65,3491036,195699649.55,09-APR-2019,14968,INE175A01038,
JISLJALEQS,EQ,56.25,58.15,56.1,57,56.9,56.55,5615873,321852605.15,10-APR-2019,16900,INE175A01038,
JISLJALEQS,EQ,56.9,57.3,55.1,55.95,55.9,57,4502217,251922311.35,11-APR-2019,15639,INE175A01038,
JISLJALEQS,EQ,56,58.95,56,58.4,58.4,55.95,8862328,512287858.5,12-APR-2019,22397,INE175A01038,
JISLJALEQS,EQ,58.75,60.8,58.5,59.75,60.1,58.4,7029755,419536490.6,15-APR-2019,18095,INE175A01038,
JISLJALEQS,EQ,60.15,60.9,59.3,60.05,60,59.75,5485572,330031057.85,16-APR-2019,13286,INE175A01038,
JISLJALEQS,EQ,60.05,60.6,58.4,59.05,58.65,60.05,4952899,293598419,18-APR-2019,10170,INE175A01038,
JISLJALEQS,EQ,58.6,60.3,56.95,59.3,59,59.05,7590800,448631699.4,22-APR-2019,19604,INE175A01038,
JISLJALEQS,EQ,59.6,59.6,57.1,57.65,57.75,59.3,4511377,260783243.8,23-APR-2019,12550,INE175A01038,
JISLJALEQS,EQ,58.05,59.65,57.25,59.15,59.5,57.65,6166292,361105669.3,24-APR-2019,17175,INE175A01038,
JISLJALEQS,EQ,59.2,60.2,58.8,59.2,59.55,59.15,4991106,297967982.9,25-APR-2019,19604,INE175A01038,
JISLJALEQS,EQ,59.3,59.6,57.35,58.15,58.15,59.2,4480298,260700138.45,26-APR-2019,8291,INE175A01038,
JISLJALEQS,EQ,57.5,58.05,53.6,54.5,54.2,58.15,8469087,466197836.55,30-APR-2019,25964,INE175A01038,
JISLJALEQS,EQ,54.85,55.35,52.1,52.85,53.25,54.5,7832624,419596022.5,02-MAY-2019,15702,INE175A01038,
JISLJALEQS,EQ,53.15,53.4,51.65,52.25,52.3,52.85,6086933,319447497.4,03-MAY-2019,20050,INE175A01038,
JISLJALEQS,EQ,52,53,51.2,51.55,51.4,52.25,4349592,225883262.7,06-MAY-2019,8911,INE175A01038,
JISLJALEQS,EQ,52,52.3,50,50.35,50.2,51.55,5270937,267783000.6,07-MAY-2019,13137,INE175A01038,
JISLJALEQS,EQ,50.95,50.95,49,49.15,49.1,50.35,5835931,290349818.55,08-MAY-2019,12448,INE175A01038,
JISLJALEQS,EQ,49.15,49.35,48.2,48.75,49.05,49.15,4113958,200440244.75,09-MAY-2019,9606,INE175A01038,
JISLJALEQS,EQ,49.05,51,48.65,50.55,50.9,48.75,5844123,291868398.15,10-MAY-2019,11936,INE175A01038,
JISLJALEQS,EQ,50.4,50.4,46.4,47.25,47.7,50.55,10186619,489179843.85,13-MAY-2019,18386,INE175A01038,
JISLJALEQS,EQ,47.65,49.95,46.4,49.15,49.6,47.25,6508927,313863022.8,14-MAY-2019,11583,INE175A01038,
JISLJALEQS,EQ,49.45,50.85,48.6,48.95,48.65,49.15,7267689,358685481.2,15-MAY-2019,20065,INE175A01038,
JISLJALEQS,EQ,48.95,49.75,48.05,48.85,49.2,48.95,2959673,143939985.05,16-MAY-2019,8138,INE175A01038,
JISLJALEQS,EQ,49.05,50.95,48.15,50.2,50.35,48.85,5193493,256158611.35,17-MAY-2019,15665,INE175A01038,
JISLJALEQS,EQ,51.5,54.65,50.7,53.65,54.5,50.2,7187718,377584862.65,20-MAY-2019,14042,INE175A01038,
JISLJALEQS,EQ,53.95,54.2,51.35,52.95,53.05,53.65,5382289,283110706.85,21-MAY-2019,11110,INE175A01038,
JISLJALEQS,EQ,53.35,53.65,51.8,52.65,52.6,52.95,4838351,253622939.9,22-MAY-2019,9907,INE175A01038,
JISLJALEQS,EQ,53.45,54.85,51.35,51.85,51.75,52.65,5959317,316552493.75,23-MAY-2019,14753,INE175A01038,
JISLJALEQS,EQ,52.1,56.7,51.75,56.15,56,51.85,10712902,587641154.05,24-MAY-2019,18652,INE175A01038,
JISLJALEQS,EQ,56.5,56.6,55.05,55.9,55.7,56.15,4871538,271505776.05,27-MAY-2019,13099,INE175A01038,
JISLJALEQS,EQ,56,56.35,55.25,55.55,55.4,55.9,4365491,243633229.6,28-MAY-2019,9188,INE175A01038,
JISLJALEQS,EQ,55.7,55.8,53.3,54.05,54.65,55.55,6886456,372124468.35,29-MAY-2019,14052,INE175A01038,
JISLJALEQS,EQ,54.45,54.75,52.7,54.35,53.95,54.05,6342648,340626638.1,30-MAY-2019,13822,INE175A01038,
JISLJALEQS,EQ,52.7,53.3,48.4,49.9,49.7,54.35,21961236,1095070363.7,31-MAY-2019,51553,INE175A01038,
JISLJALEQS,EQ,49.9,50.35,48.45,49.65,49.85,49.9,7327224,360381546.4,03-JUN-2019,21686,INE175A01038,
JISLJALEQS,EQ,49.75,50.75,48.7,49.2,49.2,49.65,7994240,396601031.25,04-JUN-2019,20416,INE175A01038,
JISLJALEQS,EQ,48.25,48.95,43.25,45.05,45,49.2,16052455,739585052.8,06-JUN-2019,33434,INE175A01038,
JISLJALEQS,EQ,45.05,46.1,42.5,42.9,42.6,45.05,17042429,749924370.85,07-JUN-2019,34728,INE175A01038,
JISLJALEQS,EQ,43,43.3,36.8,37.3,36.95,42.9,39517051,1540692823.95,10-JUN-2019,68488,INE175A01038,
JISLJALEQS,EQ,36.95,41.45,35.15,40.8,40.8,37.3,34747472,1352223351.85,11-JUN-2019,79529,INE175A01038,
JISLJALEQS,EQ,40.8,40.9,37.1,37.9,38.2,40.8,16788669,649740675.25,12-JUN-2019,35381,INE175A01038,
JISLJALEQS,EQ,37.5,39.15,36.8,38.55,38.45,37.9,23881796,911332805.15,13-JUN-2019,33688,INE175A01038,
JISLJALEQS,EQ,38.6,38.65,36.5,36.9,36.85,38.55,9575610,359364288.7,14-JUN-2019,16637,INE175A01038,
JISLJALEQS,EQ,35.7,36.5,32.15,34.7,34.8,36.9,23155456,797774872.1,17-JUN-2019,40762,INE175A01038,
JISLJALEQS,EQ,34.9,35.6,24.3,27.4,27.7,34.7,56464720,1675809450.35,18-JUN-2019,72926,INE175A01038,
JISLJALEQS,EQ,25.8,26.6,18.8,19.7,18.95,27.4,123056966,2691197382.5,19-JUN-2019,163444,INE175A01038,
JISLJALEQS,EQ,18.35,24.7,16.3,23.95,24.35,19.7,178755789,3746525661.45,20-JUN-2019,217461,INE175A01038,
JISLJALEQS,EQ,25,26.65,22.9,24.8,24.9,23.95,80620937,2007458377.25,21-JUN-2019,123094,INE175A01038,
JISLJALEQS,EQ,24.3,29.35,23.6,28.25,28.25,24.8,74710855,2049363609.3,24-JUN-2019,121240,INE175A01038,
JISLJALEQS,EQ,28.25,29.45,27.3,28.3,28.15,28.25,49546986,1401212441.5,25-JUN-2019,74721,INE175A01038,
JISLJALEQS,EQ,27.9,29.75,27.65,29.2,29.2,28.3,34439216,1003052399.25,26-JUN-2019,43246,INE175A01038,
JISLJALEQS,EQ,29.4,29.95,26.4,27.7,27.6,29.2,39203199,1098783275.7,27-JUN-2019,54325,INE175A01038,
JISLJALEQS,EQ,27.85,28.25,25.1,25.8,25.6,27.7,18090312,472293819.25,28-JUN-2019,37406,INE175A01038,
JISLJALEQS,EQ,25.8,26.3,23.55,24.5,24.55,25.8,6234874,154582388.7,01-JUL-2019,16728,INE175A01038,
JISLJALEQS,EQ,24.5,25.6,24,25.2,25.05,24.5,5651863,141314574.1,02-JUL-2019,18623,INE175A01038,
JISLJALEQS,EQ,25,26,24.7,25.65,25.55,25.2,3919993,99307609.7,03-JUL-2019,8639,INE175A01038,
JISLJALEQS,EQ,25.8,27.9,25.75,27.25,27.35,25.65,8179628,221457919.1,04-JUL-2019,18590,INE175A01038,
JISLJALEQS,EQ,27.8,28.95,25.5,25.95,25.8,27.25,12525798,344631878.4,05-JUL-2019,28372,INE175A01038,
JISLJALEQS,EQ,25,25,22.8,23.55,23.6,25.95,5062766,121573433,08-JUL-2019,13931,INE175A01038,
JISLJALEQS,EQ,24,24.75,22.6,24.45,24.65,23.55,4095007,98703441.6,09-JUL-2019,10121,INE175A01038,
JISLJALEQS,EQ,24.6,25,23.8,24.2,24.1,24.45,2552480,61812444.15,10-JUL-2019,7855,INE175A01038,
JISLJALEQS,EQ,24.5,26.1,23.4,25.8,25.7,24.2,4950303,122927187.35,11-JUL-2019,13019,INE175A01038,
JISLJALEQS,EQ,25.7,25.8,23.7,24.75,24.7,25.8,3269936,81628531.35,12-JUL-2019,8147,INE175A01038,
JISLJALEQS,EQ,25.1,25.25,23.75,24.2,24.2,24.75,2311001,56194840.65,15-JUL-2019,7733,INE175A01038,
JISLJALEQS,EQ,24,24.35,23.25,23.95,23.7,24.2,2753886,65457958.7,16-JUL-2019,8511,INE175A01038,
JISLJALEQS,EQ,24,24.2,23.25,23.6,23.5,23.95,2243807,53011656.2,17-JUL-2019,7469,INE175A01038,
JISLJALEQS,EQ,23.6,23.6,22.55,23,22.85,23.6,2253273,51870663.35,18-JUL-2019,6730,INE175A01038,
JISLJALEQS,EQ,23.05,23.5,22.5,23.3,23.4,23,2341202,53805641.4,19-JUL-2019,10745,INE175A01038,
JISLJALEQS,EQ,23,23.5,22.4,23.25,23.1,23.3,2764045,63318232.2,22-JUL-2019,11731,INE175A01038,
JISLJALEQS,EQ,23.25,23.8,22.65,23.15,23.2,23.25,3283559,75961136.85,23-JUL-2019,8671,INE175A01038,
JISLJALEQS,EQ,23.6,23.6,22.75,23.15,23,23.15,1679317,38824301.05,24-JUL-2019,7421,INE175A01038,
JISLJALEQS,EQ,23,23.5,22.85,23.2,23.4,23.15,1652339,38145917.15,25-JUL-2019,7626,INE175A01038,
JISLJALEQS,EQ,23.1,24.2,23,23.85,23.9,23.2,2082413,49431637.5,26-JUL-2019,7554,INE175A01038,
JISLJALEQS,EQ,23.9,23.95,23.05,23.2,23.15,23.85,891172,20755089.7,29-JUL-2019,4089,INE175A01038,
JISLJALEQS,EQ,22.9,22.9,19.5,19.75,19.6,23.2,6000571,123320492.8,30-JUL-2019,18459,INE175A01038,
JISLJALEQS,EQ,19.75,21.2,19.05,20.5,20.5,19.75,3605936,73591800.05,31-JUL-2019,12007,INE175A01038,
JISLJALEQS,EQ,20.4,20.6,19.5,20.05,20.15,20.5,1562108,31334907.45,01-AUG-2019,6113,INE175A01038,
JISLJALEQS,EQ,19.5,20.4,19.5,20.3,20.35,20.05,1189043,23858563,02-AUG-2019,5374,INE175A01038,
JISLJALEQS,EQ,20.3,20.3,19.3,19.45,19.35,20.3,1067642,20837256.65,05-AUG-2019,5683,INE175A01038,
JISLJALEQS,EQ,19.4,20.1,19.25,19.95,19.9,19.45,1597897,31592766.45,06-AUG-2019,6288,INE175A01038,
JISLJALEQS,EQ,19.9,20.1,19.4,19.7,19.7,19.95,1174923,23252000.55,07-AUG-2019,4789,INE175A01038,
JISLJALEQS,EQ,20,20,19.45,19.85,19.85,19.7,905582,17837344.85,08-AUG-2019,3349,INE175A01038,
JISLJALEQS,EQ,20,20.95,19.9,20.1,20.1,19.85,1845207,37742571.15,09-AUG-2019,7176,INE175A01038,
JISLJALEQS,EQ,20.45,22.5,20.2,21.6,21.7,20.1,2523575,54446172.65,13-AUG-2019,11878,INE175A01038,
JISLJALEQS,EQ,22.1,22.65,21.9,22.35,22.4,21.6,1422814,31711887.25,14-AUG-2019,6573,INE175A01038,
JISLJALEQS,EQ,21,22.25,21,21.75,21.85,22.35,1649296,35571124.9,16-AUG-2019,7678,INE175A01038,
JISLJALEQS,EQ,21.95,22.25,21.5,21.95,22.05,21.75,1097679,24016919.85,19-AUG-2019,4792,INE175A01038,
JISLJALEQS,EQ,21.95,22,21.15,21.2,21.25,21.95,762934,16393998.2,20-AUG-2019,3277,INE175A01038,
JISLJALEQS,EQ,21.45,21.45,19.85,20.35,20.25,21.2,885317,18236941.8,21-AUG-2019,5246,INE175A01038,
JISLJALEQS,EQ,20.05,20.4,19.1,19.65,20,20.35,887489,17485950.65,22-AUG-2019,5391,INE175A01038,
JISLJALEQS,EQ,20.15,20.2,18.9,19.55,19.5,19.65,902021,17575845.15,23-AUG-2019,3851,INE175A01038,
JISLJALEQS,EQ,21,21,19.55,19.75,19.8,19.55,1183193,23454810,26-AUG-2019,4030,INE175A01038,
JISLJALEQS,EQ,20.15,20.45,19.95,20.1,20.05,19.75,1377054,27808727.9,27-AUG-2019,6963,INE175A01038,
JISLJALEQS,EQ,20.4,20.4,19.5,19.85,19.75,20.1,749400,14907502.35,28-AUG-2019,3745,INE175A01038,
JISLJALEQS,EQ,19.95,19.95,19.4,19.55,19.5,19.85,542231,10615533.2,29-AUG-2019,1958,INE175A01038,
JISLJALEQS,EQ,20.2,20.2,19.5,19.55,19.55,19.55,915906,17996689.45,30-AUG-2019,3123,INE175A01038,
JISLJALEQS,EQ,19.8,19.8,19.2,19.4,19.4,19.55,480170,9345119.6,03-SEP-2019,1978,INE175A01038,
JISLJALEQS,EQ,19.45,19.45,17.8,18.25,18.25,19.4,1815432,33469618.5,04-SEP-2019,6780,INE175A01038,
JISLJALEQS,EQ,18.65,19,18.3,18.8,18.8,18.25,969404,18209656.7,05-SEP-2019,4156,INE175A01038,
JISLJALEQS,EQ,19,19.3,18.9,19.05,19.1,18.8,892925,17057293.5,06-SEP-2019,4627,INE175A01038,
JISLJALEQS,EQ,19.45,19.95,19.1,19.7,19.8,19.05,1353769,26558829.75,09-SEP-2019,5193,INE175A01038,
JISLJALEQS,EQ,20,22.7,19.8,21.75,21.95,19.7,4853114,105346401.85,11-SEP-2019,14370,INE175A01038,
JISLJALEQS,EQ,20.95,22.5,20.9,21.6,21.65,21.75,1727544,37482952.75,12-SEP-2019,10952,INE175A01038,
JISLJALEQS,EQ,21.65,21.95,21.1,21.75,21.55,21.6,1434865,30910517.75,13-SEP-2019,7643,INE175A01038,
JISLJALEQS,EQ,21.6,24.2,21.05,23.25,23.4,21.75,2257875,50768327.75,16-SEP-2019,7174,INE175A01038,
JISLJALEQS,EQ,23.5,23.95,22.15,22.25,22.3,23.25,1871396,43225658.8,17-SEP-2019,8258,INE175A01038,
JISLJALEQS,EQ,22.15,23.15,22.15,22.8,22.85,22.25,916050,20850330.8,18-SEP-2019,2640,INE175A01038,
JISLJALEQS,EQ,22.85,22.85,21.25,21.6,21.65,22.8,836679,18264795.2,19-SEP-2019,4723,INE175A01038,
JISLJALEQS,EQ,21.65,22.5,21.05,21.85,22.05,21.6,2211121,48618925.4,20-SEP-2019,9286,INE175A01038,
JISLJALEQS,EQ,22.5,23,22,22.65,22.6,21.85,999659,22553950.6,23-SEP-2019,3820,INE175A01038,
JISLJALEQS,EQ,22.7,23.5,22.65,22.95,22.9,22.65,966946,22293126.6,24-SEP-2019,4149,INE175A01038,
JISLJALEQS,EQ,22.8,22.9,21.1,21.35,21.75,22.95,1454421,31832387.05,25-SEP-2019,5986,INE175A01038,
JISLJALEQS,EQ,21.5,21.65,20.9,21.15,21.35,21.35,1031288,21940343.95,26-SEP-2019,4645,INE175A01038,
JISLJALEQS,EQ,21.15,21.8,20.1,20.2,20.15,21.15,1717536,35600924.6,27-SEP-2019,5585,INE175A01038,
JISLJALEQS,EQ,20.55,21,19.05,19.4,19.65,20.2,1388287,27721398.1,30-SEP-2019,5059,INE175A01038,
JISLJALEQS,EQ,19.5,20.55,18.3,18.75,19,19.4,2207557,42240775.8,01-OCT-2019,11734,INE175A01038,
JISLJALEQS,EQ,18.75,19.2,18.4,18.55,18.5,18.75,1278384,23810071.5,03-OCT-2019,5308,INE175A01038,
JISLJALEQS,EQ,18.75,19,18.05,18.15,18.15,18.55,1288645,23758453.8,04-OCT-2019,8166,INE175A01038,
JISLJALEQS,EQ,18.55,18.6,16.75,17,16.95,18.15,2016696,35004811.6,07-OCT-2019,5978,INE175A01038,
JISLJALEQS,EQ,17.3,17.3,15.95,16.1,16.1,17,3312505,54134951.75,09-OCT-2019,12702,INE175A01038,
JISLJALEQS,EQ,15.55,15.8,13.2,14.1,14.25,16.1,8173071,113993595.65,10-OCT-2019,14551,INE175A01038,
JISLJALEQS,EQ,14.2,15.5,13.7,14.6,14.55,14.1,2273201,32784538.6,11-OCT-2019,5669,INE175A01038,
JISLJALEQS,EQ,13.9,14.45,13,13.55,13.6,14.6,2624454,35954820.4,14-OCT-2019,6213,INE175A01038,
JISLJALEQS,EQ,13.5,14.05,13,13.65,13.65,13.55,2231770,30211515.8,15-OCT-2019,6940,INE175A01038,
JISLJALEQS,EQ,13.3,13.45,12.55,12.8,12.9,13.65,6324099,82292560.55,16-OCT-2019,9715,INE175A01038,
JISLJALEQS,EQ,12.9,13,11.6,11.7,11.7,12.8,4634225,55419237.25,17-OCT-2019,10074,INE175A01038,
JISLJALEQS,EQ,11.8,12.1,10.6,11.25,11.15,11.7,6304586,71679594.35,18-OCT-2019,11579,INE175A01038,
JISLJALEQS,EQ,11.15,11.7,10.7,10.85,10.8,11.25,4209327,47466686.65,22-OCT-2019,12643,INE175A01038,
JISLJALEQS,EQ,10.7,11.35,10.7,11.35,11.35,10.85,2388206,26767235.25,23-OCT-2019,3811,INE175A01038,
JISLJALEQS,EQ,11.9,11.9,11.6,11.9,11.9,11.35,1235212,14674630.05,24-OCT-2019,1236,INE175A01038,
JISLJALEQS,EQ,12.4,12.45,12,12.45,12.45,11.9,1405296,17431391.5,25-OCT-2019,2502,INE175A01038,
JISLJALEQS,EQ,13.65,13.7,13.1,13.7,13.7,13.05,1885592,25459863,29-OCT-2019,3587,INE175A01038,
JISLJALEQS,EQ,14.25,14.35,14.1,14.35,14.35,13.7,975023,13968984.5,30-OCT-2019,1342,INE175A01038,
JISLJALEQS,EQ,15.05,15.05,15,15.05,15.05,14.35,418844,6301231.55,31-OCT-2019,837,INE175A01038,
JISLJALEQS,EQ,15.8,15.8,15.8,15.8,15.8,15.05,372613,5887285.4,01-NOV-2019,1035,INE175A01038,
JISLJALEQS,EQ,16.55,16.55,16.55,16.55,16.55,15.8,295947,4897922.85,04-NOV-2019,481,INE175A01038,
JISLJALEQS,EQ,17.35,17.35,15.75,15.75,15.75,16.55,3840715,62460150.45,05-NOV-2019,5866,INE175A01038,
JISLJALEQS,EQ,15,15.5,15,15.05,15.1,15.75,3185072,47960054.4,06-NOV-2019,4513,INE175A01038,
JISLJALEQS,EQ,15.5,15.75,15.05,15.3,15.3,15.05,1574748,24258367.95,07-NOV-2019,4367,INE175A01038,
JISLJALEQS,EQ,15.3,15.7,14.9,15,15.15,15.3,949272,14457587.8,08-NOV-2019,3083,INE175A01038,
JISLJALEQS,EQ,15,15.4,14.25,14.55,14.5,15,983087,14558002.7,11-NOV-2019,3370,INE175A01038,
JISLJALEQS,EQ,14,14.85,13.85,13.95,13.95,14.55,2205640,31233243.2,13-NOV-2019,5951,INE175A01038,
JISLJALEQS,EQ,14,14.1,13.3,13.3,13.3,13.95,1828026,24521026.4,14-NOV-2019,3068,INE175A01038,
JISLJALEQS,EQ,12.65,12.85,12.65,12.65,12.65,13.3,673629,8530048.95,15-NOV-2019,1456,INE175A01038,
JISLJALEQS,EQ,12.05,12.05,12.05,12.05,12.05,12.65,309077,3724377.85,18-NOV-2019,1006,INE175A01038,
JISLJALEQS,EQ,11.45,12.35,11.45,11.45,11.45,12.05,4387487,51349803.1,19-NOV-2019,5267,INE175A01038,
JISLJALEQS,EQ,11.1,12,10.9,11.05,11.1,11.45,9893047,113789660.8,20-NOV-2019,17112,INE175A01038,
JISLJALEQS,EQ,11.3,11.5,11,11.25,11.2,11.05,5099324,57406897.3,21-NOV-2019,4439,INE175A01038,
JISLJALEQS,EQ,11.5,11.5,11.05,11.35,11.35,11.25,6474376,72796412.55,22-NOV-2019,3822,INE175A01038,
JISLJALEQS,EQ,11.55,11.8,11.3,11.4,11.45,11.35,2498534,28781843.15,25-NOV-2019,3141,INE175A01038,
JISLJALEQS,EQ,11.55,11.9,10.85,10.9,10.85,11.4,5016741,56297105.3,26-NOV-2019,8489,INE175A01038,
JISLJALEQS,EQ,10.8,11.15,10.4,10.45,10.5,10.9,4169480,43690724.4,27-NOV-2019,7481,INE175A01038,
JISLJALEQS,EQ,10.6,10.65,10.25,10.5,10.5,10.45,2230879,23367255.8,28-NOV-2019,3070,INE175A01038,
JISLJALEQS,EQ,10.55,11,10.25,10.45,10.45,10.5,6837016,73499056.35,29-NOV-2019,5676,INE175A01038,
JISLJALEQS,EQ,10.5,10.7,9.95,10,10,10.45,3273085,32885276.6,02-DEC-2019,5108,INE175A01038,
JISLJALEQS,EQ,10.1,10.2,9.5,9.5,9.5,10,1279981,12228638.5,03-DEC-2019,2706,INE175A01038,
JISLJALEQS,EQ,9.2,9.5,9.05,9.05,9.05,9.5,2979455,27144298.35,04-DEC-2019,4680,INE175A01038,
JISLJALEQS,EQ,9,9.5,8.6,9.5,9.5,9.05,7625676,70250228.15,05-DEC-2019,9891,INE175A01038,
JISLJALEQS,EQ,9.8,9.9,9.1,9.15,9.15,9.5,3404270,32131808.2,06-DEC-2019,5876,INE175A01038,
JISLJALEQS,EQ,9.45,9.45,8.9,9.1,9.1,9.15,1357351,12294181.25,09-DEC-2019,2789,INE175A01038,
JISLJALEQS,EQ,9.05,9.05,8.7,8.75,8.7,9.1,1535531,13535369.05,10-DEC-2019,2879,INE175A01038,
JISLJALEQS,EQ,8.75,8.75,8.35,8.35,8.35,8.75,1668939,13971316.4,11-DEC-2019,2597,INE175A01038,
JISLJALEQS,EQ,8.1,8.5,7.95,7.95,7.95,8.35,2892819,23328297.25,12-DEC-2019,3662,INE175A01038,
JISLJALEQS,EQ,7.6,8,7.6,7.65,7.6,7.95,9580935,73387533.45,13-DEC-2019,6565,INE175A01038,
JISLJALEQS,EQ,7.5,7.9,7.35,7.5,7.55,7.65,4279117,32085898.35,16-DEC-2019,5314,INE175A01038,
JISLJALEQS,EQ,7.65,7.85,7.5,7.85,7.85,7.5,1647979,12755719.65,17-DEC-2019,2345,INE175A01038,
JISLJALEQS,EQ,8.2,8.2,7.9,8.2,8.2,7.85,4406151,36028060.4,18-DEC-2019,3870,INE175A01038,
JISLJALEQS,EQ,8.45,8.6,8.2,8.6,8.6,8.2,2117596,17869616.3,19-DEC-2019,2544,INE175A01038,
JISLJALEQS,EQ,8.9,9,8.2,8.2,8.2,8.6,6830542,58497049.9,20-DEC-2019,7349,INE175A01038,
JISLJALEQS,EQ,8,8.2,7.9,8.05,8.05,8.2,2079371,16687914.95,23-DEC-2019,3616,INE175A01038,
JISLJALEQS,EQ,8.1,8.1,7.7,8,8,8.05,1813952,14421422.55,24-DEC-2019,3247,INE175A01038,
JISLJALEQS,EQ,8,8.4,7.85,8.4,8.4,8,3627020,30239777.6,26-DEC-2019,4096,INE175A01038,
JISLJALEQS,EQ,8.65,8.8,8,8,8,8.4,7538266,62921158.7,27-DEC-2019,7797,INE175A01038,
JISLJALEQS,EQ,8.15,8.15,7.6,7.8,7.8,8,2759087,21510291.3,30-DEC-2019,7729,INE175A01038,
JISLJALEQS,EQ,7.9,8.15,7.75,7.95,8.1,7.8,3236857,25943526.75,31-DEC-2019,5256,INE175A01038,
JISLJALEQS,EQ,8.15,8.3,7.95,8.3,8.3,7.95,2069415,16972065.75,01-JAN-2020,1774,INE175A01038,
JISLJALEQS,EQ,8.6,8.7,8.45,8.7,8.7,8.3,2236323,19349082.75,02-JAN-2020,2826,INE175A01038,
JISLJALEQS,EQ,9,9.1,8.85,9.1,9.1,8.7,1215074,11011487.45,03-JAN-2020,1977,INE175A01038,
JISLJALEQS,EQ,9.55,9.55,8.95,9.45,9.5,9.1,7838578,73517069.85,06-JAN-2020,9294,INE175A01038,
JISLJALEQS,EQ,9.75,9.8,9,9,9,9.45,4173620,38912389.55,07-JAN-2020,7706,INE175A01038,
JISLJALEQS,EQ,8.8,8.85,8.55,8.55,8.55,9,2889402,24781352.5,08-JAN-2020,3600,INE175A01038,
JISLJALEQS,EQ,8.5,8.75,8.35,8.5,8.5,8.55,3800805,32428671.9,09-JAN-2020,9160,INE175A01038,
JISLJALEQS,EQ,8.45,8.85,8.4,8.5,8.45,8.5,2278187,19568280.85,10-JAN-2020,3921,INE175A01038,
JISLJALEQS,EQ,8.65,8.65,8.35,8.45,8.5,8.5,1162213,9842387.9,13-JAN-2020,2909,INE175A01038,
JISLJALEQS,EQ,8.5,8.6,8.25,8.35,8.4,8.45,1525900,12747051.6,14-JAN-2020,3224,INE175A01038,
JISLJALEQS,EQ,8.35,8.65,8.15,8.45,8.6,8.35,2035260,16908070.55,15-JAN-2020,5753,INE175A01038,
JISLJALEQS,EQ,8.6,8.7,8.3,8.45,8.45,8.45,2217813,18851718.1,16-JAN-2020,3700,INE175A01038,
JISLJALEQS,EQ,8.55,8.55,8.05,8.1,8.15,8.45,2392987,19676533.05,17-JAN-2020,4206,INE175A01038,
JISLJALEQS,EQ,8.15,8.3,7.9,7.95,8,8.1,2231741,17897515.85,20-JAN-2020,3721,INE175A01038,
JISLJALEQS,EQ,8.05,8.05,7.8,7.85,7.85,7.95,2468797,19426746.5,21-JAN-2020,3925,INE175A01038,
JISLJALEQS,EQ,7.9,7.9,7.65,7.7,7.7,7.85,1878934,14527669.85,22-JAN-2020,4780,INE175A01038,
JISLJALEQS,EQ,7.75,7.95,7.6,7.9,7.85,7.7,1610559,12651317.95,23-JAN-2020,3914,INE175A01038,
JISLJALEQS,EQ,7.95,8.25,7.9,8.25,8.25,7.9,1693102,13776322.3,24-JAN-2020,2348,INE175A01038,
JISLJALEQS,EQ,8.4,8.55,8.15,8.3,8.35,8.25,2553668,21284396.1,27-JAN-2020,2442,INE175A01038,
JISLJALEQS,EQ,8.35,8.5,7.9,8.05,8.05,8.3,5605743,45189727.95,28-JAN-2020,4588,INE175A01038,
JISLJALEQS,EQ,8.15,8.15,7.7,7.7,7.7,8.05,6720545,52220474.2,29-JAN-2020,5384,INE175A01038,
JISLJALEQS,EQ,7.75,7.8,7.4,7.45,7.45,7.7,4024834,30004961.55,30-JAN-2020,3060,INE175A01038,
JISLJALEQS,EQ,7.55,7.65,7.1,7.15,7.1,7.45,4646132,33444011.3,31-JAN-2020,3600,INE175A01038,
JISLJALEQS,EQ,7.85,7.85,7.15,7.15,7.15,7.5,4847302,35981373.15,03-FEB-2020,5553,INE175A01038,
JISLJALEQS,EQ,7.35,7.35,6.8,6.95,6.9,7.15,4539224,31493019.3,04-FEB-2020,4060,INE175A01038,
JISLJALEQS,EQ,7,7.05,6.7,6.85,6.9,6.95,2981317,20216980.95,05-FEB-2020,2626,INE175A01038,
JISLJALEQS,EQ,6.8,7.05,6.7,6.9,6.95,6.85,2764129,18896940.8,06-FEB-2020,2901,INE175A01038,
JISLJALEQS,EQ,7.05,7.1,6.85,7,6.95,6.9,1463829,10238942.85,07-FEB-2020,1772,INE175A01038,
JISLJALEQS,EQ,7,7.05,6.9,6.9,7,7,1094255,7609578.4,10-FEB-2020,1064,INE175A01038,
JISLJALEQS,EQ,7,7.15,6.9,7,7.05,6.9,1253018,8790508.45,11-FEB-2020,1556,INE175A01038,
JISLJALEQS,EQ,7.05,7.05,6.8,6.85,6.85,7,1258482,8682105.8,12-FEB-2020,1580,INE175A01038,
JISLJALEQS,EQ,6.9,7,6.85,6.9,6.9,6.85,857810,5946261.05,13-FEB-2020,1184,INE175A01038,
JISLJALEQS,EQ,6.95,7.1,6.9,7,7,6.9,1247259,8726766.55,14-FEB-2020,1448,INE175A01038,
JISLJALEQS,EQ,6.85,6.9,6.65,6.65,6.65,7,1575639,10549512.45,17-FEB-2020,1882,INE175A01038,
JISLJALEQS,EQ,6.55,6.65,6.35,6.35,6.35,6.65,1450735,9281495.95,18-FEB-2020,1313,INE175A01038,
JISLJALEQS,EQ,6.25,6.65,6.1,6.2,6.2,6.35,3039389,19090660.55,19-FEB-2020,2322,INE175A01038,
JISLJALEQS,EQ,6.3,6.5,6.15,6.4,6.45,6.2,1862018,11801060.35,20-FEB-2020,2031,INE175A01038,
JISLJALEQS,EQ,6.6,6.6,6.15,6.2,6.25,6.4,1692511,10594940.7,24-FEB-2020,1718,INE175A01038,
JISLJALEQS,EQ,6.3,6.3,6,6,6.05,6.2,1996087,12183809.35,25-FEB-2020,2607,INE175A01038,
JISLJALEQS,EQ,6,6.05,5.75,5.9,6.05,6,2443204,14327728.95,26-FEB-2020,2793,INE175A01038,
JISLJALEQS,EQ,5.85,5.9,5.65,5.65,5.65,5.9,1897121,10830743.25,27-FEB-2020,1659,INE175A01038,
JISLJALEQS,EQ,5.45,5.5,5.4,5.4,5.4,5.65,1279847,6914531.75,28-FEB-2020,1364,INE175A01038,
JISLJALEQS,EQ,5.25,5.4,5.15,5.15,5.15,5.4,1907785,9923326.65,02-MAR-2020,1728,INE175A01038,
JISLJALEQS,EQ,5,5.1,4.9,4.9,4.9,5.15,1357907,6691317.7,03-MAR-2020,1343,INE175A01038,
JISLJALEQS,EQ,4.8,4.9,4.7,4.7,4.7,4.9,1663922,7830177.1,04-MAR-2020,1242,INE175A01038,
JISLJALEQS,EQ,4.55,4.9,4.5,4.9,4.9,4.7,3888138,18019067.25,05-MAR-2020,2128,INE175A01038,
JISLJALEQS,EQ,4.8,4.8,4.7,4.7,4.7,4.9,872909,4111777.3,06-MAR-2020,1111,INE175A01038,
JISLJALEQS,EQ,4.5,4.9,4.5,4.9,4.9,4.7,3919124,18365273.8,09-MAR-2020,3390,INE175A01038,
JISLJALEQS,EQ,5.05,5.1,4.7,4.75,4.75,4.9,2322523,11160955.2,11-MAR-2020,2120,INE175A01038,
JISLJALEQS,EQ,4.6,4.7,4.55,4.55,4.55,4.75,850966,3875183.3,12-MAR-2020,981,INE175A01038,
JISLJALEQS,EQ,4.35,4.55,4.35,4.35,4.35,4.55,3168394,13869907.25,13-MAR-2020,2854,INE175A01038,
JISLJALEQS,EQ,4.45,4.45,4.15,4.15,4.15,4.35,952635,3960226.6,16-MAR-2020,1284,INE175A01038,
JISLJALEQS,EQ,4,4.05,3.95,3.95,3.95,4.15,2449496,9704282.7,17-MAR-2020,2015,INE175A01038,
JISLJALEQS,EQ,3.95,3.95,3.8,3.8,3.8,3.95,1525314,5820437.85,18-MAR-2020,1791,INE175A01038,
JISLJALEQS,EQ,3.65,3.75,3.65,3.65,3.65,3.8,825409,3013194.6,19-MAR-2020,1032,INE175A01038,
JISLJALEQS,EQ,3.55,3.8,3.5,3.6,3.5,3.65,4009773,14387881.05,20-MAR-2020,3598,INE175A01038,
JISLJALEQS,EQ,3.5,3.55,3.45,3.45,3.45,3.6,750707,2591935.95,23-MAR-2020,1049,INE175A01038,
JISLJALEQS,EQ,3.45,3.55,3.3,3.3,3.3,3.45,2291669,7593468.75,24-MAR-2020,2418,INE175A01038,
JISLJALEQS,EQ,3.35,3.35,3.15,3.3,3.3,3.3,2319603,7471579.25,25-MAR-2020,2496,INE175A01038,
JISLJALEQS,EQ,3.25,3.4,3.15,3.15,3.15,3.3,3422012,10812338.05,26-MAR-2020,2082,INE175A01038,
JISLJALEQS,EQ,3.15,3.3,3.1,3.3,3.3,3.15,2379197,7738954.65,27-MAR-2020,1487,INE175A01038,
JISLJALEQS,EQ,3.35,3.45,3.15,3.15,3.15,3.3,9169523,29537164.75,30-MAR-2020,3023,INE175A01038,
JISLJALEQS,EQ,3.1,3.3,3.05,3.3,3.3,3.15,5770125,18449087.95,31-MAR-2020,2609,INE175A01038,
JISLJALEQS,EQ,3.35,3.45,3.2,3.35,3.4,3.3,3065321,10202958.9,01-APR-2020,1801,INE175A01038,
JISLJALEQS,EQ,3.45,3.5,3.25,3.5,3.5,3.35,3194031,10912366.7,03-APR-2020,1386,INE175A01038,
JISLJALEQS,EQ,3.65,3.65,3.65,3.65,3.65,3.5,585827,2138268.55,07-APR-2020,441,INE175A01038,
JISLJALEQS,EQ,3.8,3.8,3.8,3.8,3.8,3.65,1570408,5967550.4,08-APR-2020,208,INE175A01038,
JISLJALEQS,EQ,3.95,3.95,3.95,3.95,3.95,3.8,155335,613573.25,09-APR-2020,194,INE175A01038,
JISLJALEQS,EQ,4.1,4.1,4.1,4.1,4.1,3.95,168351,690239.1,13-APR-2020,240,INE175A01038,
JISLJALEQS,EQ,4.3,4.3,4.3,4.3,4.3,4.1,127206,546985.8,15-APR-2020,219,INE175A01038,
JISLJALEQS,EQ,4.5,4.5,4.5,4.5,4.5,4.3,91030,409635,16-APR-2020,185,INE175A01038,
JISLJALEQS,EQ,4.7,4.7,4.7,4.7,4.7,4.5,112139,527053.3,17-APR-2020,165,INE175A01038,
JISLJALEQS,EQ,4.9,4.9,4.9,4.9,4.9,4.7,162915,798283.5,20-APR-2020,158,INE175A01038,
JISLJALEQS,EQ,5.1,5.1,5.1,5.1,5.1,4.9,2099744,10708694.4,21-APR-2020,1876,INE175A01038,
JISLJALEQS,EQ,5.35,5.35,5.35,5.35,5.35,5.1,923067,4938408.45,22-APR-2020,207,INE175A01038,
JISLJALEQS,BE,5.6,5.6,5.6,5.6,5.6,5.35,157409,881490.4,23-APR-2020,191,INE175A01038,
JISLJALEQS,BE,5.85,5.85,5.85,5.85,5.85,5.6,152422,891668.7,24-APR-2020,180,INE175A01038,
JISLJALEQS,BE,6.1,6.1,6.1,6.1,6.1,5.85,242456,1478981.6,27-APR-2020,218,INE175A01038,
JISLJALEQS,BE,6.4,6.4,6.4,6.4,6.4,6.1,173505,1110432,28-APR-2020,226,INE175A01038,
JISLJALEQS,BE,6.7,6.7,6.7,6.7,6.7,6.4,286162,1917285.4,29-APR-2020,213,INE175A01038,
JISLJALEQS,BE,7,7,7,7,7,6.7,3776039,26432273,30-APR-2020,1953,INE175A01038,
JISLJALEQS,BE,7.35,7.35,7.05,7.35,7.35,7,1875913,13702535.3,04-MAY-2020,1804,INE175A01038,
JISLJALEQS,BE,7.7,7.7,7.7,7.7,7.7,7.35,304928,2347945.6,05-MAY-2020,276,INE175A01038,
JISLJALEQS,BE,8.05,8.05,8.05,8.05,8.05,7.7,197049,1586244.45,06-MAY-2020,348,INE175A01038,
JISLJALEQS,BE,8.45,8.45,8.45,8.45,8.45,8.05,199254,1683696.3,07-MAY-2020,336,INE175A01038,
JISLJALEQS,BE,8.85,8.85,8.85,8.85,8.85,8.45,234776,2077767.6,08-MAY-2020,366,INE175A01038,
JISLJALEQS,BE,9.25,9.25,8.45,8.45,8.45,8.85,2705654,23869828.05,11-MAY-2020,3934,INE175A01038,
JISLJALEQS,BE,8.05,8.05,8.05,8.05,8.05,8.45,358809,2888412.45,12-MAY-2020,851,INE175A01038,
JISLJALEQS,BE,7.65,7.85,7.65,7.65,7.65,8.05,1997100,15284996.55,13-MAY-2020,2612,INE175A01038,
JISLJALEQS,BE,7.3,7.3,7.3,7.3,7.3,7.65,547744,3998531.2,14-MAY-2020,965,INE175A01038,
JISLJALEQS,BE,6.95,6.95,6.95,6.95,6.95,7.3,504010,3502869.5,15-MAY-2020,957,INE175A01038,
JISLJALEQS,BE,6.95,7.25,6.8,7.25,7.25,6.95,2176989,15641054.55,18-MAY-2020,2299,INE175A01038,
JISLJALEQS,BE,7.5,7.5,6.9,7,7,7.25,2669744,18974463.25,19-MAY-2020,3331,INE175A01038,
JISLJALEQS,BE,7,7.2,6.7,6.95,7.05,7,895770,6225191.9,20-MAY-2020,1392,INE175A01038,
JISLJALEQS,BE,7,7.1,6.65,6.65,6.65,6.95,1401737,9399988.9,21-MAY-2020,2246,INE175A01038,
JISLJALEQS,BE,6.35,6.35,6.35,6.35,6.35,6.65,713065,4527962.75,22-MAY-2020,950,INE175A01038,
JISLJALEQS,BE,6.6,6.65,6.5,6.65,6.65,6.35,2134439,14190534.7,26-MAY-2020,814,INE175A01038,
JISLJALEQS,BE,6.95,6.95,6.95,6.95,6.95,6.65,304432,2115802.4,27-MAY-2020,289,INE175A01038,
JISLJALEQS,BE,7.25,7.25,7.25,7.25,7.25,6.95,257292,1865367,28-MAY-2020,355,INE175A01038,
JISLJALEQS,BE,7.6,7.6,7.3,7.55,7.6,7.25,3154294,23928140,29-MAY-2020,2869,INE175A01038,
JISLJALEQS,BE,7.65,7.9,7.2,7.85,7.9,7.55,3252143,24613940.05,01-JUN-2020,3471,INE175A01038,
JISLJALEQS,BE,8.2,8.2,7.9,8.2,8.2,7.85,1979370,16065432.4,02-JUN-2020,3087,INE175A01038,
JISLJALEQS,BE,8.6,8.6,8.4,8.6,8.6,8.2,1150063,9874280.9,03-JUN-2020,1871,INE175A01038,
JISLJALEQS,BE,9,9,8.6,8.85,8.95,8.6,3271474,29012011.35,04-JUN-2020,4966,INE175A01038,
JISLJALEQS,BE,9,9.15,8.5,8.95,8.95,8.85,2670619,23735133,05-JUN-2020,4506,INE175A01038,
JISLJALEQS,BE,9.3,9.35,9,9.35,9.35,8.95,1622287,15065262,08-JUN-2020,2303,INE175A01038,
JISLJALEQS,BE,9.8,9.8,8.9,9.05,9.1,9.35,3813119,35571954.4,09-JUN-2020,5445,INE175A01038,
JISLJALEQS,BE,8.85,9.25,8.65,8.95,8.9,9.05,1998763,17719219.85,10-JUN-2020,3619,INE175A01038,
JISLJALEQS,BE,8.9,9,8.55,8.6,8.6,8.95,1822906,15951413.4,11-JUN-2020,2926,INE175A01038,
JISLJALEQS,BE,8.2,8.85,8.2,8.7,8.8,8.6,3932594,32719754.15,12-JUN-2020,2310,INE175A01038,
JISLJALEQS,BE,9,9.05,8.75,8.85,8.9,8.7,1735201,15426200,15-JUN-2020,2772,INE175A01038,
JISLJALEQS,BE,9.1,9.15,8.45,8.55,8.55,8.85,1656998,14488248.05,16-JUN-2020,2305,INE175A01038,
JISLJALEQS,BE,8.5,8.75,8.15,8.55,8.6,8.55,1055778,8987193.1,17-JUN-2020,1784,INE175A01038,
JISLJALEQS,BE,8.55,8.75,8.3,8.7,8.7,8.55,1071649,9236875.25,18-JUN-2020,1481,INE175A01038,
JISLJALEQS,BE,8.8,9.1,8.6,9.1,9.1,8.7,2057383,18577491.9,19-JUN-2020,6077,INE175A01038,
JISLJALEQS,BE,9.55,9.55,9.55,9.55,9.55,9.1,1003886,9587111.3,22-JUN-2020,1054,INE175A01038,
JISLJALEQS,BE,10,10,10,10,10,9.55,714231,7142310,23-JUN-2020,837,INE175A01038,
JISLJALEQS,BE,10.5,10.5,10.5,10.5,10.5,10,1047280,10996440,24-JUN-2020,664,INE175A01038,
JISLJALEQS,BE,11,11,10,11,11,10.5,4769146,51085607.5,25-JUN-2020,5506,INE175A01038,
JISLJALEQS,BE,11.5,11.55,11.3,11.55,11.55,11,3974072,45858466.9,26-JUN-2020,5051,INE175A01038,
JISLJALEQS,BE,12.1,12.1,11.75,12.1,12.1,11.55,4617559,55804694.05,29-JUN-2020,5536,INE175A01038,
JISLJALEQS,BE,12.7,12.7,12.6,12.7,12.7,12.1,1584109,20109847.6,30-JUN-2020,2467,INE175A01038,
JISLJALEQS,BE,13.3,13.3,13.3,13.3,13.3,12.7,408272,5430017.6,01-JUL-2020,996,INE175A01038,
JISLJALEQS,BE,13.95,13.95,13.9,13.95,13.95,13.3,3535408,49317549.8,02-JUL-2020,2424,INE175A01038,
JISLJALEQS,BE,14.6,14.6,13.3,13.3,13.3,13.95,5236548,74049619.75,03-JUL-2020,6785,INE175A01038,
JISLJALEQS,BE,12.65,12.65,12.65,12.65,12.65,13.3,574749,7270574.85,06-JUL-2020,1205,INE175A01038,
JISLJALEQS,BE,12.05,12.05,12.05,12.05,12.05,12.65,352182,4243793.1,07-JUL-2020,629,INE175A01038,
JISLJALEQS,BE,11.45,11.45,11.45,11.45,11.45,12.05,472545,5410640.25,08-JUL-2020,695,INE175A01038,
JISLJALEQS,BE,10.9,10.9,10.9,10.9,10.9,11.45,543745,5926820.5,09-JUL-2020,877,INE175A01038,
JISLJALEQS,BE,10.4,11.4,10.4,11.4,11.4,10.9,7902884,85330299.3,10-JUL-2020,6381,INE175A01038,
JISLJALEQS,BE,11.8,11.95,10.85,10.85,10.9,11.4,3281062,36724880.75,13-JUL-2020,4059,INE175A01038,
JISLJALEQS,BE,10.4,10.8,10.35,10.35,10.35,10.85,1613804,16795874.7,14-JUL-2020,2241,INE175A01038,
JISLJALEQS,BE,9.85,10.75,9.85,10.25,10.45,10.35,2095667,21729174.85,15-JUL-2020,3210,INE175A01038,
JISLJALEQS,BE,10,10.4,9.75,9.95,10.05,10.25,1979588,19569190,16-JUL-2020,2683,INE175A01038,
JISLJALEQS,BE,9.85,10.4,9.7,10.4,10.4,9.95,839005,8647369.7,17-JUL-2020,1182,INE175A01038,
JISLJALEQS,BE,10.9,10.9,10.9,10.9,10.9,10.4,372254,4057568.6,20-JUL-2020,483,INE175A01038,
JISLJALEQS,BE,11.4,11.4,11.4,11.4,11.4,10.9,370838,4227553.2,21-JUL-2020,575,INE175A01038,
JISLJALEQS,BE,11.95,11.95,10.9,11.7,11.75,11.4,3972631,46535117.5,22-JUL-2020,3777,INE175A01038,
JISLJALEQS,BE,11.5,11.6,11.15,11.2,11.2,11.7,1728722,19397433.25,23-JUL-2020,2333,INE175A01038,
JISLJALEQS,BE,10.85,10.95,10.65,10.8,10.8,11.2,992020,10691929.2,24-JUL-2020,1784,INE175A01038,
JISLJALEQS,BE,10.8,10.8,10.3,10.55,10.65,10.8,1115998,11700517.8,27-JUL-2020,2412,INE175A01038,
JISLJALEQS,BE,11,11.05,10.45,10.55,10.7,10.55,1144462,12292463,28-JUL-2020,1997,INE175A01038,
JISLJALEQS,BE,10.7,11,10.35,10.4,10.45,10.55,762375,8017459.75,29-JUL-2020,1459,INE175A01038,
JISLJALEQS,BE,10.45,10.6,10.1,10.2,10.2,10.4,951737,9873772.2,30-JUL-2020,1616,INE175A01038,
JISLJALEQS,BE,10.25,10.5,9.85,10.05,10.1,10.2,1247599,12531244.7,31-JUL-2020,1642,INE175A01038,
JISLJALEQS,BE,9.55,9.8,9.55,9.7,9.65,10.05,1576620,15097089.2,03-AUG-2020,3126,INE175A01038,
JISLJALEQS,BE,10.15,10.15,9.75,10.15,10.15,9.7,634629,6433166.65,04-AUG-2020,1241,INE175A01038,
JISLJALEQS,BE,10.65,10.65,10.5,10.6,10.65,10.15,3123398,33219906.85,05-AUG-2020,5621,INE175A01038,
JISLJALEQS,BE,11.05,11.05,10.6,10.75,10.8,10.6,2056773,22207048.75,06-AUG-2020,4852,INE175A01038,
JISLJALEQS,BE,10.75,10.9,10.25,10.35,10.3,10.75,1476323,15488873.15,07-AUG-2020,4182,INE175A01038,
JISLJALEQS,BE,10.6,10.85,10.6,10.85,10.85,10.35,909861,9856720.9,10-AUG-2020,1004,INE175A01038,
JISLJALEQS,BE,11.35,11.35,11.35,11.35,11.35,10.85,510948,5799259.8,11-AUG-2020,920,INE175A01038,
JISLJALEQS,BE,11.9,11.9,11.4,11.9,11.9,11.35,5671239,66842021.65,12-AUG-2020,5495,INE175A01038,
JISLJALEQS,BE,12.25,12.45,11.7,12.2,12.2,11.9,3342919,40849771.95,13-AUG-2020,4691,INE175A01038,
JISLJALEQS,BE,12.45,12.45,11.6,11.7,11.75,12.2,2717884,31801237,14-AUG-2020,3109,INE175A01038,
JISLJALEQS,BE,11.45,12,11.15,11.45,11.4,11.7,1447946,16645821.6,17-AUG-2020,1809,INE175A01038,
JISLJALEQS,EQ,11.5,11.8,11.25,11.65,11.65,11.45,1638341,18916497.3,18-AUG-2020,2435,INE175A01038,
JISLJALEQS,EQ,11.95,12.2,11.6,12.2,12.2,11.65,2414748,29117409.2,19-AUG-2020,2408,INE175A01038,
JISLJALEQS,EQ,12.2,12.8,12.15,12.8,12.8,12.2,6058560,77263819.6,20-AUG-2020,3004,INE175A01038,
JISLJALEQS,EQ,13.05,13.35,12.3,12.7,12.75,12.8,4385718,56315461.05,21-AUG-2020,5970,INE175A01038,
JISLJALEQS,EQ,12.8,13.05,12.2,12.5,12.5,12.7,2399561,29998631.15,24-AUG-2020,3500,INE175A01038,
JISLJALEQS,EQ,12.65,12.9,11.9,11.9,11.9,12.5,4032267,48673194.9,25-AUG-2020,4346,INE175A01038,
JISLJALEQS,EQ,12,12.05,11.35,11.4,11.4,11.9,3863401,44556618.85,26-AUG-2020,3629,INE175A01038,
JISLJALEQS,EQ,11.6,11.95,11.15,11.85,11.75,11.4,9696611,115042562.15,27-AUG-2020,5686,INE175A01038,
JISLJALEQS,EQ,12.35,12.35,11.7,11.75,11.7,11.85,6200099,74056508.7,28-AUG-2020,4078,INE175A01038,
JISLJALEQS,EQ,12,12.1,11.2,11.25,11.35,11.75,5895294,67552336.2,31-AUG-2020,5364,INE175A01038,
JISLJALEQS,EQ,11.25,11.8,10.7,11.7,11.75,11.25,2835741,32323254.55,01-SEP-2020,2951,INE175A01038,
JISLJALEQS,EQ,12,12.25,11.75,12.25,12.25,11.7,7471728,90898869.15,02-SEP-2020,4169,INE175A01038,
JISLJALEQS,EQ,12.35,12.85,12.35,12.55,12.55,12.25,5909205,75042152.35,03-SEP-2020,4414,INE175A01038,
JISLJALEQS,EQ,12.35,13.15,12,13.05,13.15,12.55,5273096,68171314.85,04-SEP-2020,3938,INE175A01038,
JISLJALEQS,EQ,13.6,13.7,13.05,13.7,13.7,13.05,4436729,59813869.9,07-SEP-2020,4539,INE175A01038,
JISLJALEQS,EQ,14.15,14.35,13.5,14,13.7,13.7,5785967,81959665.85,08-SEP-2020,4503,INE175A01038,
JISLJALEQS,EQ,13.75,13.9,13.3,13.55,13.85,14,5242502,70052113.7,09-SEP-2020,3435,INE175A01038,
JISLJALEQS,EQ,13.8,14.15,13.15,13.85,13.8,13.55,2741675,37721148.75,10-SEP-2020,3708,INE175A01038,
JISLJALEQS,EQ,14,14.3,13.6,14.2,14.2,13.85,3485202,49143687.4,11-SEP-2020,3357,INE175A01038,
JISLJALEQS,EQ,14.35,14.9,14.3,14.9,14.9,14.2,3618748,53684358.3,14-SEP-2020,2555,INE175A01038,
JISLJALEQS,EQ,15.6,15.6,15.1,15.6,15.6,14.9,7730499,120107820.25,15-SEP-2020,5228,INE175A01038,
JISLJALEQS,EQ,15.65,16.35,15.5,16.35,16.35,15.6,3992996,64153905.8,16-SEP-2020,4006,INE175A01038,
JISLJALEQS,EQ,16.9,17.15,15.7,16.85,16.9,16.35,13250994,220845688.5,17-SEP-2020,13021,INE175A01038,
JISLJALEQS,EQ,17,17.25,16.05,16.05,16.05,16.85,5112503,83490274.85,18-SEP-2020,7540,INE175A01038,
JISLJALEQS,EQ,15.55,15.95,15.25,15.25,15.25,16.05,3845812,58855957.6,21-SEP-2020,2940,INE175A01038,
JISLJALEQS,EQ,14.5,14.5,14.5,14.5,14.5,15.25,264799,3839585.5,22-SEP-2020,645,INE175A01038,
JISLJALEQS,EQ,13.8,14,13.8,13.8,13.8,14.5,3282866,45375263.55,23-SEP-2020,1445,INE175A01038,
JISLJALEQS,EQ,13.15,13.15,13.15,13.15,13.15,13.8,174272,2291676.8,24-SEP-2020,564,INE175A01038,
JISLJALEQS,EQ,13.05,13.8,12.9,13.8,13.8,13.15,3164101,43424553.1,25-SEP-2020,2200,INE175A01038,
JISLJALEQS,EQ,14.15,14.45,14.1,14.45,14.45,13.8,782503,11246903.45,28-SEP-2020,929,INE175A01038,
JISLJALEQS,EQ,15,15.15,13.85,14.65,14.55,14.45,3374606,49154648.2,29-SEP-2020,4662,INE175A01038,
JISLJALEQS,EQ,14.65,15,14,14.05,14,14.65,1483957,21308174.75,30-SEP-2020,2451,INE175A01038,
JISLJALEQS,EQ,13.95,14.7,13.8,14.5,14.4,14.05,2098971,30097234.7,01-OCT-2020,2777,INE175A01038,
JISLJALEQS,EQ,14.2,14.7,13.9,14.3,14.2,14.5,1809014,25789528.05,05-OCT-2020,2812,INE175A01038,
JISLJALEQS,EQ,14.35,14.5,13.7,13.9,14,14.3,1813830,25265446.9,06-OCT-2020,2448,INE175A01038,
JISLJALEQS,EQ,13.9,14.05,13.3,13.55,13.6,13.9,2077765,28336508.65,07-OCT-2020,2395,INE175A01038,
JISLJALEQS,EQ,13.65,14.2,13.1,13.25,13.35,13.55,1422648,19496531.8,08-OCT-2020,2305,INE175A01038,
JISLJALEQS,EQ,12.95,13.95,12.95,13.3,13.4,13.25,1471473,19883544.1,09-OCT-2020,1794,INE175A01038,
JISLJALEQS,EQ,13.85,13.85,13.1,13.25,13.25,13.3,701793,9364845.1,12-OCT-2020,1259,INE175A01038,
JISLJALEQS,EQ,13.15,13.5,12.9,13.05,13.2,13.25,1907655,24946290.65,13-OCT-2020,1894,INE175A01038,
JISLJALEQS,EQ,13.4,14.35,12.9,14.35,14.35,13.05,2656164,36654416.95,14-OCT-2020,2756,INE175A01038,
JISLJALEQS,EQ,14.7,14.75,13.5,13.9,14,14.35,2353872,33113453.45,15-OCT-2020,3184,INE175A01038,
JISLJALEQS,EQ,13.8,15.25,13.5,14.7,14.7,13.9,4674330,68808907.35,16-OCT-2020,4383,INE175A01038,
JISLJALEQS,EQ,14.85,15.15,14.25,14.35,14.4,14.7,1974934,29000251.2,19-OCT-2020,2944,INE175A01038,
JISLJALEQS,EQ,14.2,14.6,13.8,13.9,13.95,14.35,818632,11521609.95,20-OCT-2020,1655,INE175A01038,
JISLJALEQS,EQ,13.9,14.7,13.85,14.15,14.1,13.9,4115784,58735174.95,21-OCT-2020,3194,INE175A01038,
JISLJALEQS,EQ,14,14.65,14,14.5,14.35,14.15,1902786,27424185.5,22-OCT-2020,2196,INE175A01038,
JISLJALEQS,EQ,14.8,14.85,14.05,14.2,14.3,14.5,2460037,35500788.3,23-OCT-2020,2596,INE175A01038,
JISLJALEQS,EQ,14.25,14.35,13.65,13.85,13.9,14.2,1694839,23414894.55,26-OCT-2020,1704,INE175A01038,
JISLJALEQS,EQ,13.9,14.45,13.65,14.1,14.15,13.85,3367273,47570730.4,27-OCT-2020,2540,INE175A01038,
JISLJALEQS,EQ,14.25,14.35,13.85,14,14,14.1,1788261,25060989.55,28-OCT-2020,1457,INE175A01038,
JISLJALEQS,EQ,13.8,14.4,13.55,13.95,14,14,2009880,28205227.55,29-OCT-2020,2018,INE175A01038,
JISLJALEQS,EQ,14,15.3,14,15,14.65,13.95,7416003,109324916.2,30-OCT-2020,4919,INE175A01038,
JISLJALEQS,EQ,14.8,14.8,14.15,14.25,14.3,15,1874778,26912743.65,02-NOV-2020,2020,INE175A01038,
JISLJALEQS,EQ,14.3,14.7,14.05,14.2,14.3,14.25,2122740,30578685,03-NOV-2020,1669,INE175A01038,
JISLJALEQS,EQ,14.2,14.55,13.45,14.35,14.3,14.2,2175304,30677373.55,04-NOV-2020,2122,INE175A01038,
JISLJALEQS,EQ,14.5,14.8,14.2,14.4,14.4,14.35,1810850,26308292.35,05-NOV-2020,1700,INE175A01038,
JISLJALEQS,EQ,14.25,14.75,14.15,14.2,14.2,14.4,1274992,18407481.15,06-NOV-2020,1524,INE175A01038,
JISLJALEQS,EQ,14.4,15.6,14.25,15.15,15.1,14.2,11215837,171192485.15,09-NOV-2020,8030,INE175A01038,
JISLJALEQS,EQ,15.1,15.65,14.4,14.6,14.5,15.15,3170191,47305046.05,10-NOV-2020,4148,INE175A01038,
JISLJALEQS,EQ,14.3,14.55,14.1,14.2,14.2,14.6,2303084,32841085.7,11-NOV-2020,2261,INE175A01038,
JISLJALEQS,EQ,14.2,14.55,14,14.15,14.2,14.2,1463996,20880049.5,12-NOV-2020,1457,INE175A01038,
JISLJALEQS,EQ,14.2,15.35,14.2,15.05,14.9,14.15,4994485,74212002.4,13-NOV-2020,3686,INE175A01038,
JISLJALEQS,EQ,16.3,17.25,16.25,16.95,16.85,16.15,6511970,109083947.45,17-NOV-2020,6708,INE175A01038,
JISLJALEQS,EQ,17,18.25,16.5,17.6,17.7,16.95,9207562,163182839.95,18-NOV-2020,9330,INE175A01038,
JISLJALEQS,EQ,17.6,18.7,16.85,17.6,17.6,17.6,8017885,144617114.9,19-NOV-2020,8446,INE175A01038,
JISLJALEQS,EQ,17.65,18.75,17.15,18.55,18.6,17.6,5865253,106288151.3,20-NOV-2020,6143,INE175A01038,
JISLJALEQS,EQ,20,20.4,19.55,20.4,20.4,18.55,18539940,375341534.25,23-NOV-2020,14239,INE175A01038,
JISLJALEQS,EQ,20.9,20.95,19.4,19.4,19.4,20.4,7861096,156144661.6,24-NOV-2020,10404,INE175A01038,
JISLJALEQS,EQ,19.2,19.4,18.45,18.5,18.5,19.4,5473061,102236663.85,25-NOV-2020,6607,INE175A01038,
JISLJALEQS,EQ,19,19.4,18.5,19.4,19.4,18.5,2209584,42626405.5,26-NOV-2020,2841,INE175A01038,
JISLJALEQS,EQ,19.55,20.2,18.8,19.4,19.45,19.4,2813391,55409133.45,27-NOV-2020,4837,INE175A01038,
JISLJALEQS,EQ,19.6,20,18.45,18.75,18.85,19.4,5372148,102660795.65,01-DEC-2020,9427,INE175A01038,
JISLJALEQS,EQ,19.1,19.65,18.4,19.05,19.05,18.75,6029883,115634207.35,02-DEC-2020,5806,INE175A01038,
JISLJALEQS,EQ,19.35,19.55,18.7,19,19,19.05,5854940,111766890.9,03-DEC-2020,6434,INE175A01038,
JISLJALEQS,EQ,19.25,19.35,18.3,18.75,18.7,19,4188319,78639145.2,04-DEC-2020,5151,INE175A01038,
JISLJALEQS,EQ,18.8,19.15,18.55,18.65,18.65,18.75,2283041,42897037.35,07-DEC-2020,3299,INE175A01038,
JISLJALEQS,EQ,18.65,18.75,18.15,18.25,18.2,18.65,4010925,73699371.6,08-DEC-2020,4467,INE175A01038,
JISLJALEQS,EQ,18.5,18.65,18,18.1,18.25,18.25,2317256,42279210.6,09-DEC-2020,3226,INE175A01038,
JISLJALEQS,EQ,18.1,18.7,17.4,18.4,18.4,18.1,4252615,76598105.25,10-DEC-2020,4736,INE175A01038,
JISLJALEQS,EQ,18.45,19.25,18.45,19.1,19.1,18.4,4263470,80886114.55,11-DEC-2020,4482,INE175A01038,
JISLJALEQS,EQ,19.3,20.05,18.6,20.05,20.05,19.1,5507530,107275005.1,14-DEC-2020,5563,INE175A01038,
JISLJALEQS,EQ,20.15,20.25,19.05,19.8,19.7,20.05,5741061,112135135.35,15-DEC-2020,5623,INE175A01038,
JISLJALEQS,EQ,20,20.2,19.3,19.4,19.5,19.8,4194434,82718804.05,16-DEC-2020,4951,INE175A01038,
JISLJALEQS,EQ,19.55,19.8,18.7,18.9,18.85,19.4,2635859,50641831,17-DEC-2020,3551,INE175A01038,
JISLJALEQS,EQ,19,19.2,18,18.45,18.5,18.9,3120245,57231442.15,18-DEC-2020,3853,INE175A01038,
JISLJALEQS,EQ,18.5,18.75,17.55,17.55,17.55,18.45,2388979,42711103.25,21-DEC-2020,3977,INE175A01038,
JISLJALEQS,EQ,17.2,17.7,16.7,17.45,17.45,17.55,3267157,55752438.1,22-DEC-2020,4786,INE175A01038,
JISLJALEQS,EQ,17.6,18.3,17.45,17.95,18,17.45,1607928,28849198.75,23-DEC-2020,2382,INE175A01038,
JISLJALEQS,EQ,18.25,18.7,17.9,18.1,18.15,17.95,1297110,23646864.25,24-DEC-2020,2238,INE175A01038,
JISLJALEQS,EQ,18.25,19,18.25,19,19,18.1,2375661,44529978.5,28-DEC-2020,2707,INE175A01038,
JISLJALEQS,EQ,19.5,19.6,18.6,18.85,18.75,19,3400909,64441484.75,29-DEC-2020,6163,INE175A01038,
JISLJALEQS,EQ,19,19.05,18.5,18.7,18.8,18.85,1188643,22200787.45,30-DEC-2020,1762,INE175A01038,
JISLJALEQS,EQ,18.75,19.6,18.5,19.05,19,18.7,4438217,85603955.3,31-DEC-2020,4484,INE175A01038,
JISLJALEQS,EQ,19.25,19.6,18.8,19,19,19.05,2063282,39618127.25,01-JAN-2021,2650,INE175A01038,
JISLJALEQS,EQ,19.05,19.8,18.5,19.4,19.4,19,4367766,84380623,04-JAN-2021,5285,INE175A01038,
JISLJALEQS,EQ,19,20.35,18.9,20.35,20.35,19.4,6507965,129836953.3,05-JAN-2021,5242,INE175A01038,
JISLJALEQS,EQ,21.35,21.35,21.35,21.35,21.35,20.35,1633150,34867752.5,06-JAN-2021,1638,INE175A01038,
JISLJALEQS,EQ,22.4,22.4,20.5,21.3,21.4,21.35,14789716,317652833.95,07-JAN-2021,13200,INE175A01038,
JISLJALEQS,EQ,21.6,22.35,21.05,22.3,22.35,21.3,13496001,297179479.25,08-JAN-2021,9952,INE175A01038,
JISLJALEQS,EQ,23.4,23.4,21.8,23.4,23.4,22.3,14588087,336343108,11-JAN-2021,12899,INE175A01038,
JISLJALEQS,EQ,23.75,24.3,22.85,23.6,23.4,23.4,7709878,183385658.85,12-JAN-2021,12602,INE175A01038,
JISLJALEQS,EQ,23.95,23.95,22.45,22.45,22.45,23.6,3785154,86485939.55,13-JAN-2021,6134,INE175A01038,
JISLJALEQS,EQ,22.35,22.9,21.4,22.45,22.35,22.45,4215553,92775430.55,14-JAN-2021,6653,INE175A01038,
JISLJALEQS,EQ,22.95,22.95,21.45,21.7,21.7,22.45,4349847,95348133.35,15-JAN-2021,5032,INE175A01038,
JISLJALEQS,EQ,21.7,21.9,20.65,20.8,20.65,21.7,2566624,53921917.75,18-JAN-2021,4446,INE175A01038,
JISLJALEQS,EQ,21.05,21.8,20.95,21.8,21.8,20.8,2533108,55029589.15,19-JAN-2021,2576,INE175A01038,
JISLJALEQS,EQ,22.05,22.55,21.4,21.6,21.45,21.8,3329700,73165109.2,20-JAN-2021,4273,INE175A01038,
JISLJALEQS,EQ,21.8,21.8,20.65,20.75,20.7,21.6,2693688,56989868.7,21-JAN-2021,4170,INE175A01038,
JISLJALEQS,EQ,20.35,21.1,19.85,20.1,20.25,20.75,2327959,47066223.9,22-JAN-2021,3874,INE175A01038,
JISLJALEQS,EQ,20.65,21.1,19.5,19.95,20.05,20.1,3870492,78543827.75,25-JAN-2021,5172,INE175A01038,
JISLJALEQS,EQ,20,20.75,19.35,20,20.3,19.95,2250216,45401926.7,27-JAN-2021,3385,INE175A01038,
JISLJALEQS,EQ,20,20.6,19.65,20.35,20.5,20,2730952,55104335.2,28-JAN-2021,5383,INE175A01038,
JISLJALEQS,EQ,20.45,21.2,20.45,20.95,20.85,20.35,2250394,47117943.8,29-JAN-2021,3801,INE175A01038,
JISLJALEQS,EQ,21.3,21.65,20,20.25,20.35,20.95,3340544,69434550.6,01-FEB-2021,5593,INE175A01038,
JISLJALEQS,EQ,20.5,21.1,20.2,20.3,20.35,20.25,2267854,46527415.2,02-FEB-2021,3021,INE175A01038,
JISLJALEQS,EQ,20.5,20.85,19.5,19.65,19.65,20.3,3321426,66716956.95,03-FEB-2021,4938,INE175A01038,
JISLJALEQS,EQ,19.7,20.2,19.35,19.95,19.95,19.65,2475054,49405466.15,04-FEB-2021,3129,INE175A01038,
JISLJALEQS,EQ,20.25,20.5,19.6,19.7,19.7,19.95,1763161,35181344.5,05-FEB-2021,2528,INE175A01038,
JISLJALEQS,EQ,19.75,21.65,19.65,21.2,21.3,19.7,7091888,149429874.75,08-FEB-2021,6633,INE175A01038,
JISLJALEQS,EQ,21.4,21.65,20.35,20.5,20.6,21.2,3506621,73774569.55,09-FEB-2021,4515,INE175A01038,
JISLJALEQS,EQ,20.8,20.85,20.2,20.3,20.3,20.5,1064331,21744822,10-FEB-2021,2138,INE175A01038,
JISLJALEQS,EQ,20.3,20.6,20.05,20.3,20.3,20.3,1517380,30810529.05,11-FEB-2021,2041,INE175A01038,
JISLJALEQS,EQ,20.1,20.5,20.1,20.25,20.25,20.3,1093592,22154289.45,12-FEB-2021,1697,INE175A01038,
JISLJALEQS,EQ,20.75,20.95,19.95,20.2,20.1,20.25,1337979,27245765.75,15-FEB-2021,2259,INE175A01038,
JISLJALEQS,EQ,20.25,20.45,19.95,20.1,20.2,20.2,1465966,29500924.05,16-FEB-2021,1952,INE175A01038,
JISLJALEQS,EQ,20.05,20.2,19.4,19.9,19.95,20.1,1666497,32941145.7,17-FEB-2021,2940,INE175A01038,
JISLJALEQS,EQ,20,20.45,19.55,19.8,19.85,19.9,1278309,25521576.25,18-FEB-2021,3607,INE175A01038,
JISLJALEQS,EQ,19.8,20.1,19.05,19.35,19.4,19.8,1676261,32965255.8,19-FEB-2021,2652,INE175A01038,
JISLJALEQS,EQ,19.55,19.65,18.5,18.75,18.5,19.35,1885203,35632795.3,22-FEB-2021,3051,INE175A01038,
JISLJALEQS,EQ,18.75,19.4,18.45,18.85,18.95,18.75,1657265,31410290,23-FEB-2021,2559,INE175A01038,
JISLJALEQS,EQ,19.25,19.55,18.45,19.5,19.55,18.85,849217,16321437.3,24-FEB-2021,1455,INE175A01038,
JISLJALEQS,EQ,19.7,19.9,19,19.5,19.15,19.5,1669621,32826454.2,25-FEB-2021,2259,INE175A01038,
JISLJALEQS,EQ,19.1,19.65,18.75,19,18.95,19.5,1828279,35014445.85,26-FEB-2021,2715,INE175A01038,
JISLJALEQS,EQ,19,19.3,18.2,18.3,18.6,19,3180061,59017408.65,01-MAR-2021,5689,INE175A01038,
JISLJALEQS,EQ,18.6,20.1,18.5,20.1,20.1,18.3,5307201,104166676.65,02-MAR-2021,4089,INE175A01038,
JISLJALEQS,EQ,21.15,22.1,20.65,22.1,22.1,20.1,5038572,110202643.25,03-MAR-2021,3752,INE175A01038,
JISLJALEQS,EQ,22.65,24.3,22.1,23.15,23.15,22.1,10812862,253057199.75,04-MAR-2021,13666,INE175A01038,
JISLJALEQS,EQ,23,24.15,22.2,22.85,22.6,23.15,7077367,165033977.1,05-MAR-2021,8194,INE175A01038,
JISLJALEQS,EQ,23.3,25.1,23,25.1,25.1,22.85,10456442,257276981.05,08-MAR-2021,11334,INE175A01038,
JISLJALEQS,EQ,25.9,26.35,24.15,25.2,24.95,25.1,13325054,343838242.35,09-MAR-2021,11738,INE175A01038,
JISLJALEQS,EQ,25.4,26,23.95,24.9,24.9,25.2,8856569,221136425.45,10-MAR-2021,10772,INE175A01038,
JISLJALEQS,EQ,25.25,25.45,23.7,23.7,23.7,24.9,3391561,82322543.6,12-MAR-2021,5706,INE175A01038,
JISLJALEQS,EQ,23.4,23.5,22.55,22.55,22.55,23.7,1548936,35157090.8,15-MAR-2021,2587,INE175A01038,
JISLJALEQS,EQ,21.6,23.15,21.6,22.35,22.3,22.55,3815802,84521200.45,16-MAR-2021,5899,INE175A01038,
JISLJALEQS,EQ,22.35,22.65,21.25,21.3,21.25,22.35,3510843,76460626.6,17-MAR-2021,4591,INE175A01038,
JISLJALEQS,EQ,21.4,22.05,20.25,20.25,20.25,21.3,2598921,54026365.65,18-MAR-2021,4996,INE175A01038,
JISLJALEQS,EQ,19.55,21.25,19.25,21.1,21,20.25,4225917,85090590.65,19-MAR-2021,5759,INE175A01038,
JISLJALEQS,EQ,21.5,21.7,20.05,20.15,20.15,21.1,2924891,60212432.85,22-MAR-2021,6667,INE175A01038,
JISLJALEQS,EQ,20.2,21.15,20.15,20.75,20.65,20.15,4059379,84740391.25,23-MAR-2021,4899,INE175A01038,
JISLJALEQS,EQ,20.8,20.8,19.9,20.05,20,20.75,2500876,50514032.2,24-MAR-2021,4827,INE175A01038,
JISLJALEQS,EQ,20,20,19.05,19.1,19.05,20.05,3228372,61966920.65,25-MAR-2021,7807,INE175A01038,
JISLJALEQS,EQ,18.75,19.6,18.55,18.8,18.8,19.1,5531733,105163081.15,26-MAR-2021,12471,INE175A01038,
JISLJALEQS,EQ,19.35,19.7,18.5,18.6,18.5,18.8,2431011,46331687.8,30-MAR-2021,8120,INE175A01038,
JISLJALEQS,EQ,18.6,19.05,18.2,18.4,18.3,18.6,2192037,40841284.45,31-MAR-2021,7014,INE175A01038,
JISLJALEQS,EQ,18.8,19.3,18.6,19.3,19.3,18.4,2431937,46669346.5,01-APR-2021,3994,INE175A01038,
JISLJALEQS,EQ,19.5,19.85,18.4,19.15,19.5,19.3,3584569,68160412,05-APR-2021,4257,INE175A01038,
JISLJALEQS,EQ,19.25,19.6,18.95,19.05,19.15,19.15,1301873,25069220.25,06-APR-2021,1920,INE175A01038,
JISLJALEQS,EQ,19.2,19.6,19,19.4,19.35,19.05,1246727,24001327.05,07-APR-2021,1832,INE175A01038,
JISLJALEQS,EQ,19.1,19.55,19.1,19.25,19.3,19.4,1330916,25746225.75,08-APR-2021,2321,INE175A01038,
JISLJALEQS,EQ,19.45,19.9,19.05,19.2,19.25,19.25,1424439,27536397.7,09-APR-2021,1843,INE175A01038,
JISLJALEQS,EQ,18.9,18.9,18.25,18.25,18.25,19.2,1558679,28512132.55,12-APR-2021,1894,INE175A01038,
JISLJALEQS,EQ,17.5,18.25,17.5,17.9,18.05,18.25,2205028,39337234.35,13-APR-2021,3220,INE175A01038,
JISLJALEQS,EQ,18.2,18.2,17.05,17.2,17.15,17.9,2751759,47501553.25,15-APR-2021,3877,INE175A01038,
JISLJALEQS,EQ,17.35,17.65,17,17.3,17.35,17.2,1950839,33777371.2,16-APR-2021,3454,INE175A01038,
JISLJALEQS,EQ,17.15,17.15,16.45,16.45,16.45,17.3,1316613,21707226.75,19-APR-2021,2188,INE175A01038,
JISLJALEQS,EQ,16,17.25,16,16.55,16.65,16.45,3237468,54113966,20-APR-2021,4123,INE175A01038,
JISLJALEQS,EQ,16.35,16.85,16.25,16.55,16.6,16.55,1550801,25696612.8,22-APR-2021,2466,INE175A01038,
JISLJALEQS,EQ,16.55,17.35,16.55,17.35,17.35,16.55,1093239,18837286.05,23-APR-2021,896,INE175A01038,
JISLJALEQS,EQ,18.2,18.2,18.2,18.2,18.2,17.35,304956,5550199.2,26-APR-2021,398,INE175A01038,
JISLJALEQS,EQ,19.1,19.1,19.1,19.1,19.1,18.2,533822,10196000.2,27-APR-2021,440,INE175A01038,
JISLJALEQS,EQ,20.05,20.05,19.15,20.05,20.05,19.1,8231291,164160407.4,28-APR-2021,3221,INE175A01038,
JISLJALEQS,EQ,20.35,20.45,19.05,19.5,19.3,20.05,3211098,62558929.7,29-APR-2021,4227,INE175A01038,
JISLJALEQS,EQ,19,19.65,18.9,19.1,19.1,19.5,1096568,21115586.5,30-APR-2021,2056,INE175A01038,
JISLJALEQS,EQ,19,19.15,18.5,18.75,18.7,19.1,1444877,27200835.3,03-MAY-2021,3008,INE175A01038,
JISLJALEQS,EQ,19.1,19.65,18.85,19,19.05,18.75,2950502,57217721.7,04-MAY-2021,2991,INE175A01038,
JISLJALEQS,EQ,19.3,19.3,18.7,18.8,18.9,19,1182348,22377204.1,05-MAY-2021,2150,INE175A01038,
JISLJALEQS,EQ,19.1,19.1,18.45,18.7,18.75,18.8,972064,18106302.85,06-MAY-2021,1969,INE175A01038,
JISLJALEQS,EQ,19,19.25,18.6,19.05,19,18.7,1751301,33020433.05,07-MAY-2021,2084,INE175A01038,
JISLJALEQS,EQ,19.05,19.35,18.7,19.2,19.05,19.05,2147975,40986391.1,10-MAY-2021,2647,INE175A01038,
JISLJALEQS,EQ,19,19.55,18.6,19.35,19.4,19.2,1637659,31405762.05,11-MAY-2021,2652,INE175A01038,
JISLJALEQS,EQ,19.4,20.3,19.25,20.2,20.3,19.35,4844589,98092676.95,12-MAY-2021,3600,INE175A01038,
JISLJALEQS,EQ,20.25,20.25,19.2,19.55,19.65,20.2,2908807,57379342.45,14-MAY-2021,3828,INE175A01038,
JISLJALEQS,EQ,19.9,20.5,19.1,20.45,20.5,19.55,3286187,65515904.6,17-MAY-2021,4408,INE175A01038,
JISLJALEQS,EQ,21.1,21.45,20.5,20.95,20.95,20.45,7195966,152092755.65,18-MAY-2021,7557,INE175A01038,
JISLJALEQS,EQ,20.95,21.95,20.5,21.95,21.95,20.95,9382374,203779918.1,19-MAY-2021,9075,INE175A01038,
JISLJALEQS,EQ,22.25,23,21.75,22.05,21.8,21.95,8123854,182661390.5,20-MAY-2021,13082,INE175A01038,
JISLJALEQS,EQ,22.3,23.1,22.15,22.55,22.35,22.05,4122995,93471192.85,21-MAY-2021,6911,INE175A01038,
JISLJALEQS,EQ,22.6,22.95,21.75,21.95,22,22.55,2875517,64142938,24-MAY-2021,5290,INE175A01038,
JISLJALEQS,EQ,21.95,22.3,21.15,21.45,21.4,21.95,3164943,68577007.45,25-MAY-2021,4338,INE175A01038,
JISLJALEQS,EQ,22,22.3,21.55,22.05,22.1,21.45,2473370,54316437.35,26-MAY-2021,4022,INE175A01038,
JISLJALEQS,EQ,22.35,23.15,22,23,23,22.05,8557430,195838653.5,27-MAY-2021,8080,INE175A01038,
JISLJALEQS,EQ,23.25,23.6,22.15,22.25,22.45,23,4988887,113637803.45,28-MAY-2021,6781,INE175A01038,
JISLJALEQS,EQ,22,22.15,21.25,21.7,21.65,22.25,2416194,52579358,31-MAY-2021,3269,INE175A01038,
JISLJALEQS,EQ,21.55,22,20.65,20.95,21,21.7,4049815,85079897.3,01-JUN-2021,5264,INE175A01038,
JISLJALEQS,EQ,20.7,21.95,20.7,21.95,21.95,20.95,1748691,37627943.75,02-JUN-2021,2202,INE175A01038,
JISLJALEQS,EQ,23,23,23,23,23,21.95,1223341,28136843,03-JUN-2021,1452,INE175A01038,
JISLJALEQS,EQ,24,24.15,22.8,24.1,24.15,23,12271013,290826815.3,04-JUN-2021,11056,INE175A01038,
JISLJALEQS,EQ,24.6,26,23.45,25.4,25.35,24.1,10342050,260606265.6,07-JUN-2021,13199,INE175A01038,
JISLJALEQS,EQ,25.55,27.9,24.55,27.15,27.15,25.4,14514243,384004431.85,08-JUN-2021,15208,INE175A01038,
JISLJALEQS,EQ,28,29.45,26.65,28.15,28.25,27.15,21708664,615954877.15,09-JUN-2021,25622,INE175A01038,
JISLJALEQS,EQ,28.8,29.5,27.65,28.55,28.5,28.15,9321423,267140849.75,10-JUN-2021,11750,INE175A01038,
JISLJALEQS,EQ,28.8,29.65,26.25,26.8,26.8,28.55,10761393,294464060.6,11-JUN-2021,15907,INE175A01038,
JISLJALEQS,EQ,27.9,27.95,25.4,26.7,26.8,26.8,7592586,202067588.8,14-JUN-2021,11342,INE175A01038,
JISLJALEQS,EQ,26.95,27.4,25.75,26,26,26.7,4030462,106930728.45,15-JUN-2021,10087,INE175A01038,
JISLJALEQS,EQ,26.25,26.5,24.55,24.85,24.85,26,7077527,178383682.25,16-JUN-2021,9474,INE175A01038,
JISLJALEQS,EQ,24.25,26.95,24.25,25.8,25.9,24.85,7802551,204032895.35,17-JUN-2021,11034,INE175A01038,
JISLJALEQS,EQ,26.25,26.65,23.45,25.3,25.25,25.8,6156090,153506108.35,18-JUN-2021,9368,INE175A01038,
JISLJALEQS,EQ,24.55,26.2,24.3,25.3,25.25,25.3,3792834,96650630.7,21-JUN-2021,5813,INE175A01038,
JISLJALEQS,EQ,25.7,26.55,25.05,25.3,25.5,25.3,3760155,97302110.9,22-JUN-2021,5682,INE175A01038,
JISLJALEQS,EQ,25.55,26.2,24.75,25.5,25.8,25.3,4038767,103141918.1,23-JUN-2021,5441,INE175A01038,
JISLJALEQS,EQ,26.1,26.35,25.1,25.5,25.7,25.5,2443822,62761944.2,24-JUN-2021,4457,INE175A01038,
JISLJALEQS,EQ,26.25,26.25,25.35,25.75,25.6,25.5,2347494,60491064.65,25-JUN-2021,3545,INE175A01038,
JISLJALEQS,EQ,25.95,26.25,25.3,25.45,25.4,25.75,4756699,122231230.4,28-JUN-2021,4821,INE175A01038,
JISLJALEQS,EQ,25.3,26.75,25.3,25.9,26.1,25.45,5223586,136394927.5,29-JUN-2021,6253,INE175A01038,
JISLJALEQS,EQ,26,26.65,25.65,25.95,26,25.9,4909458,128778862.05,30-JUN-2021,5690,INE175A01038,
JISLJALEQS,EQ,28.5,28.5,27.1,28.5,28.5,25.95,14806230,417501060.9,01-JUL-2021,14823,INE175A01038,
JISLJALEQS,EQ,30.55,31.35,29.35,31.35,31.35,28.5,15997962,486321238.55,02-JUL-2021,20083,INE175A01038,
JISLJALEQS,EQ,33,34.45,32.25,34.45,34.45,31.35,12130357,408978018.8,05-JUL-2021,12368,INE175A01038,
JISLJALEQS,EQ,36.15,36.15,32.75,32.75,32.75,34.45,27549582,965627583.5,06-JUL-2021,31131,INE175A01038,
JISLJALEQS,EQ,31.15,31.95,31.15,31.15,31.15,32.75,13186274,411617192.7,07-JUL-2021,8100,INE175A01038,
JISLJALEQS,EQ,30.25,32.7,30.25,31.85,31.85,31.15,7585597,242190653.35,08-JUL-2021,13522,INE175A01038,
JISLJALEQS,EQ,32,32.3,31.3,31.8,31.9,31.85,3261120,103788236.1,09-JUL-2021,6102,INE175A01038,
JISLJALEQS,EQ,31.9,32.6,31.4,31.65,31.7,31.8,3609604,115473914.2,12-JUL-2021,5536,INE175A01038,
JISLJALEQS,EQ,32,33.2,30.75,33.2,33.2,31.65,9514312,311106517.95,13-JUL-2021,10333,INE175A01038,
JISLJALEQS,EQ,33,34.85,32.65,34.85,34.85,33.2,7517879,258956638.5,14-JUL-2021,10845,INE175A01038,
JISLJALEQS,EQ,35.7,36.2,33.2,33.8,33.5,34.85,6386482,224701054.8,15-JUL-2021,12386,INE175A01038,
JISLJALEQS,EQ,33.5,35,33.2,33.9,34,33.8,3579476,122658824.9,16-JUL-2021,5374,INE175A01038,
JISLJALEQS,EQ,33.3,34.9,33,34.65,34.9,33.9,3669854,125673764.7,19-JUL-2021,6619,INE175A01038,
JISLJALEQS,EQ,35.1,35.2,33.05,33.5,33.45,34.65,3925233,133300812.75,20-JUL-2021,7922,INE175A01038,
JISLJALEQS,EQ,34.25,34.65,33.05,33.25,33.1,33.5,1774763,59841956.85,22-JUL-2021,4386,INE175A01038,
JISLJALEQS,EQ,33.3,34.05,32.1,32.3,32.4,33.25,2427128,79043872.25,23-JUL-2021,4798,INE175A01038,
JISLJALEQS,EQ,32.95,33.6,31.9,32.45,32.4,32.3,2553216,83710279.95,26-JUL-2021,5576,INE175A01038,
