SYMBOL,SERIES,OPEN,HIGH,LOW,CLOSE,LAST,PREVCLOSE,TOTTRDQTY,TOTTRDVAL,TIMESTAMP,TOTALTRADES,ISIN,
POWERMECH,EQ,655.6,669.95,654.35,660.05,660,659.95,13234,8764155.9,01-JAN-2016,769,INE211R01019,
POWERMECH,EQ,642.5,659.9,640,654.7,653,660.05,14526,9470290.05,04-JAN-2016,1394,INE211R01019,
POWERMECH,EQ,658.45,666.6,650,660.25,662.8,654.7,13768,9097285.3,05-JAN-2016,1103,INE211R01019,
POWERMECH,EQ,657.55,677,656.5,660.15,660.05,660.25,14743,9831438.35,06-JAN-2016,1241,INE211R01019,
POWERMECH,EQ,655.05,662,651.1,660.2,660,660.15,15329,10069212.6,07-JAN-2016,1454,INE211R01019,
POWERMECH,EQ,669,669,660,662.3,660.5,660.2,6466,4287029.05,08-JAN-2016,618,INE211R01019,
POWERMECH,EQ,654,695,652,686.6,690,662.3,31755,21599010,11-JAN-2016,2026,INE211R01019,
POWERMECH,EQ,682,702.2,670,676,677,686.6,26534,18321104.3,12-JAN-2016,1603,INE211R01019,
POWERMECH,EQ,683.75,688,598.9,667.35,668,676,93121,61512520.7,13-JAN-2016,1514,INE211R01019,
POWERMECH,EQ,658.7,659.95,639,649.85,650,667.35,29221,19039217.05,14-JAN-2016,402,INE211R01019,
POWERMECH,EQ,655,662.95,627.05,646.85,634,649.85,22869,14847182.65,15-JAN-2016,490,INE211R01019,
POWERMECH,EQ,613.1,629.1,579,582.1,582,646.85,16210,9621157.2,18-JAN-2016,1127,INE211R01019,
POWERMECH,EQ,560.15,604,560.15,597.55,602,582.1,2823,1654114.25,19-JAN-2016,394,INE211R01019,
POWERMECH,EQ,575,596.95,572,574.8,572.25,597.55,7200,4150421.15,20-JAN-2016,311,INE211R01019,
POWERMECH,EQ,599,605,589.95,602.05,601,574.8,5379,3223663.8,21-JAN-2016,495,INE211R01019,
POWERMECH,EQ,606,630,602,616.45,616.25,602.05,4881,3018026.1,22-JAN-2016,444,INE211R01019,
POWERMECH,EQ,627.9,638,608,610.35,609,616.45,5584,3461157.85,25-JAN-2016,456,INE211R01019,
POWERMECH,EQ,622,622,606.55,608.25,608,610.35,2266,1381608.3,27-JAN-2016,164,INE211R01019,
POWERMECH,EQ,604,615,595,596.7,597,608.25,900,540122,28-JAN-2016,201,INE211R01019,
POWERMECH,EQ,601.35,605,588,590.9,591.5,596.7,12382,7432486.75,29-JAN-2016,273,INE211R01019,
POWERMECH,EQ,600,606.5,597,599.4,597,590.9,3448,2078158.35,01-FEB-2016,274,INE211R01019,
POWERMECH,EQ,605,607,583.2,589.8,590,599.4,3579,2108833.05,02-FEB-2016,241,INE211R01019,
POWERMECH,EQ,582.15,593,579.9,582.75,582.5,589.8,1254,732317.8,03-FEB-2016,162,INE211R01019,
POWERMECH,EQ,591.55,594.85,581,585.15,585,582.75,1379,808615.9,04-FEB-2016,134,INE211R01019,
POWERMECH,EQ,586,590.05,576,587.45,590,585.15,2672,1567464.75,05-FEB-2016,151,INE211R01019,
POWERMECH,EQ,583.55,598.45,580,584.25,583.5,587.45,3149,1841720.7,08-FEB-2016,121,INE211R01019,
POWERMECH,EQ,581.25,587.95,581.1,583.55,581.55,584.25,480,280371.9,09-FEB-2016,85,INE211R01019,
POWERMECH,EQ,581.35,581.35,577,577.6,578.95,583.55,1696,982373.95,10-FEB-2016,47,INE211R01019,
POWERMECH,EQ,580,620.8,545,577.05,570,577.6,4596,2612675.7,11-FEB-2016,453,INE211R01019,
POWERMECH,EQ,565.05,565.05,548,554.25,557.9,577.05,2334,1295862.1,12-FEB-2016,207,INE211R01019,
POWERMECH,EQ,585,588,558,561.2,561.8,554.25,8896,5111653.75,15-FEB-2016,882,INE211R01019,
POWERMECH,EQ,566,639,546.1,550.45,552,561.2,5900,3350411.5,16-FEB-2016,547,INE211R01019,
POWERMECH,EQ,564.95,568,543,548.8,546.8,550.45,7133,3929623.4,17-FEB-2016,373,INE211R01019,
POWERMECH,EQ,544.1,575,544.1,572.05,575,548.8,4935,2802947.1,18-FEB-2016,670,INE211R01019,
POWERMECH,EQ,570,582.45,564.45,574.85,575,572.05,2416,1388362.55,19-FEB-2016,261,INE211R01019,
POWERMECH,EQ,559.35,573.1,559.35,571.85,573,574.85,920,523664,22-FEB-2016,176,INE211R01019,
POWERMECH,EQ,561.25,578.5,557,560,560,571.85,7083,3966538.5,23-FEB-2016,2160,INE211R01019,
POWERMECH,EQ,574,574,553,563.55,568.1,560,10398,5824305.3,24-FEB-2016,92,INE211R01019,
POWERMECH,EQ,548.15,565.05,548.15,564.9,565,563.55,478,268884.9,25-FEB-2016,43,INE211R01019,
POWERMECH,EQ,565,575.05,560,572.55,575,564.9,2153,1223991.4,26-FEB-2016,212,INE211R01019,
POWERMECH,EQ,561.15,576.85,560,575,575.05,572.55,1840,1052889.5,29-FEB-2016,146,INE211R01019,
POWERMECH,EQ,569,576.6,550.15,573.75,575,575,76611,44026890.95,01-MAR-2016,403,INE211R01019,
POWERMECH,EQ,582,582.5,563,570,570,573.75,110987,62991393.35,02-MAR-2016,376,INE211R01019,
POWERMECH,EQ,567.1,574,567.1,570.75,572,570,958,547128.2,03-MAR-2016,104,INE211R01019,
POWERMECH,EQ,576.75,584,566.05,570.6,566.05,570.75,2236,1286151.2,04-MAR-2016,173,INE211R01019,
POWERMECH,EQ,572.55,572.65,566,566.55,566.5,570.6,2674,1518815.1,08-MAR-2016,135,INE211R01019,
POWERMECH,EQ,555,570,555,560.55,560.75,566.55,1296,728131.25,09-MAR-2016,134,INE211R01019,
POWERMECH,EQ,562.15,578,562,576.9,578,560.55,2712,1546592.1,10-MAR-2016,303,INE211R01019,
POWERMECH,EQ,566.95,578.8,566.95,577.3,578.8,576.9,52438,30151127.3,11-MAR-2016,142,INE211R01019,
POWERMECH,EQ,573.65,575,562,563.5,563.4,577.3,25893,14617373.15,14-MAR-2016,99,INE211R01019,
POWERMECH,EQ,565.6,570,561.1,564.3,561.25,563.5,5996,3388586.5,15-MAR-2016,343,INE211R01019,
POWERMECH,EQ,559,568.75,559,565.3,564.1,564.3,8045,4510050.45,16-MAR-2016,151,INE211R01019,
POWERMECH,EQ,565,575,560,561.6,562.7,565.3,1317,746933.85,17-MAR-2016,145,INE211R01019,
POWERMECH,EQ,570,570,561,566.6,568.3,561.6,1296,731264.2,18-MAR-2016,87,INE211R01019,
POWERMECH,EQ,564.55,570,564.5,568.05,566,566.6,3696,2099069.3,21-MAR-2016,143,INE211R01019,
POWERMECH,EQ,565.15,571,563.75,566.8,568,568.05,1272,720236.8,22-MAR-2016,157,INE211R01019,
POWERMECH,EQ,565.45,567.75,559.95,561.6,562,566.8,2235,1253755.45,23-MAR-2016,194,INE211R01019,
POWERMECH,EQ,562.05,590,547,566.5,578,561.6,11147,6228873.35,28-MAR-2016,368,INE211R01019,
POWERMECH,EQ,567.55,567.55,550.5,553.8,553.5,566.5,2946,1631304.25,29-MAR-2016,163,INE211R01019,
POWERMECH,EQ,553,576.5,553,568.85,571.5,553.8,4396,2489922.25,30-MAR-2016,229,INE211R01019,
POWERMECH,EQ,558.45,567,558,559.1,558.6,568.85,1640,920610.6,31-MAR-2016,260,INE211R01019,
POWERMECH,EQ,566.95,579.9,562.25,578.6,575,559.1,3622,2085414.6,01-APR-2016,253,INE211R01019,
POWERMECH,EQ,579.85,594.85,578.05,592.95,590.2,578.6,993,584794.8,04-APR-2016,125,INE211R01019,
POWERMECH,EQ,591.75,598.95,575,576,582,592.95,4429,2610837.55,05-APR-2016,157,INE211R01019,
POWERMECH,EQ,577.05,582.45,576.1,577.55,578,576,630,364128.55,06-APR-2016,51,INE211R01019,
POWERMECH,EQ,579.65,580.4,575,575.9,575.9,577.55,627,361161.35,07-APR-2016,42,INE211R01019,
POWERMECH,EQ,579.85,582,571.65,576.4,571.7,575.9,383,221573.95,08-APR-2016,87,INE211R01019,
POWERMECH,EQ,572.1,588,572.05,584.35,582,576.4,704,407096.2,11-APR-2016,47,INE211R01019,
POWERMECH,EQ,595.05,598.95,575.05,589.9,595.5,584.35,15700,9244919.2,12-APR-2016,208,INE211R01019,
POWERMECH,EQ,590.85,615,589.95,606,605,589.9,4799,2889517.8,13-APR-2016,725,INE211R01019,
POWERMECH,EQ,594.95,604.15,590,592.1,590.05,606,633,378297.9,18-APR-2016,68,INE211R01019,
POWERMECH,EQ,593.95,593.95,585,585.45,585,592.1,9490,5597933.05,20-APR-2016,133,INE211R01019,
POWERMECH,EQ,590.1,615,577.95,594.95,595.85,585.45,21197,12468626.45,21-APR-2016,705,INE211R01019,
POWERMECH,EQ,600,605,584.95,597.75,601.2,594.95,13285,7912873.35,22-APR-2016,1026,INE211R01019,
POWERMECH,EQ,599.95,603,582,597.95,592,597.75,3764,2238151.2,25-APR-2016,274,INE211R01019,
POWERMECH,EQ,594.65,609,586,602.1,603,597.95,3117,1865667.8,26-APR-2016,242,INE211R01019,
POWERMECH,EQ,600.95,609,600,604.95,601,602.1,2803,1695710.9,27-APR-2016,193,INE211R01019,
POWERMECH,EQ,608.3,608.3,587,588,588,604.95,1125,664451.4,28-APR-2016,102,INE211R01019,
POWERMECH,EQ,588.05,599,583.2,589.9,588,588,1799,1063759.4,29-APR-2016,110,INE211R01019,
POWERMECH,EQ,583.35,590.05,580,588.95,590,589.9,9817,5780935.55,02-MAY-2016,203,INE211R01019,
POWERMECH,EQ,580,602,580,588.4,588,588.95,3687,2190701.65,03-MAY-2016,116,INE211R01019,
POWERMECH,EQ,590.95,590.95,581,583.5,581,588.4,579,338579.4,04-MAY-2016,80,INE211R01019,
POWERMECH,EQ,585.05,609,585,603.85,599,583.5,2225,1336092.35,05-MAY-2016,117,INE211R01019,
POWERMECH,EQ,594.75,609,585.6,604.95,606.9,603.85,2211,1328666.45,06-MAY-2016,179,INE211R01019,
POWERMECH,EQ,592.75,600.95,585.45,594.75,595,604.95,4381,2595776.3,09-MAY-2016,241,INE211R01019,
POWERMECH,EQ,595.1,595.1,575,578.15,575,594.75,3275,1898395.2,10-MAY-2016,166,INE211R01019,
POWERMECH,EQ,577.95,584,571,573.15,572.5,578.15,82627,47528460.2,11-MAY-2016,221,INE211R01019,
POWERMECH,EQ,579.85,604,575,597.6,596,573.15,7315,4257932.05,12-MAY-2016,210,INE211R01019,
POWERMECH,EQ,596.65,602.2,580,599.15,596.05,597.6,4905,2934472.65,13-MAY-2016,523,INE211R01019,
POWERMECH,EQ,591.05,600,584.45,598.85,598,599.15,3517,2078728.85,16-MAY-2016,586,INE211R01019,
POWERMECH,EQ,598.95,609,580.5,606.4,604.25,598.85,13135,7890393.3,17-MAY-2016,1020,INE211R01019,
POWERMECH,EQ,590.05,600.05,586.1,590.05,590,606.4,1597,946300.05,18-MAY-2016,216,INE211R01019,
POWERMECH,EQ,594.45,609,588,606.4,608,590.05,3989,2394175.85,19-MAY-2016,373,INE211R01019,
POWERMECH,EQ,599.05,606.6,593.2,604.6,605,606.4,1636,984653.75,20-MAY-2016,108,INE211R01019,
POWERMECH,EQ,600.55,610.95,592.1,608.25,610,604.6,4035,2446724.7,23-MAY-2016,119,INE211R01019,
POWERMECH,EQ,604.8,605.55,593,595.25,599,608.25,512,305848.9,24-MAY-2016,79,INE211R01019,
POWERMECH,EQ,602,605.5,585,587.9,591.5,595.25,7623,4559051.85,25-MAY-2016,271,INE211R01019,
POWERMECH,EQ,593,601,581,593.65,600,587.9,5982,3532866.15,26-MAY-2016,305,INE211R01019,
POWERMECH,EQ,583.15,604,583.15,599.7,595,593.65,3974,2382288.35,27-MAY-2016,538,INE211R01019,
POWERMECH,EQ,587,600,587,597.3,595,599.7,1054,625674.6,30-MAY-2016,114,INE211R01019,
POWERMECH,EQ,600,602,584.95,599.15,590,597.3,6882,4093913.1,31-MAY-2016,252,INE211R01019,
POWERMECH,EQ,588.55,601,587,588.85,588.95,599.15,5921,3527177.8,01-JUN-2016,144,INE211R01019,
POWERMECH,EQ,588.85,590,584,585.65,585.05,588.85,1185,698190,02-JUN-2016,54,INE211R01019,
POWERMECH,EQ,588,599,581.1,593.05,595,585.65,9154,5408090.2,03-JUN-2016,304,INE211R01019,
POWERMECH,EQ,593,599,575.1,583.7,580.2,593.05,9494,5563706.75,06-JUN-2016,210,INE211R01019,
POWERMECH,EQ,590.05,590.05,583,586.5,588.85,583.7,1121,657129.1,07-JUN-2016,74,INE211R01019,
POWERMECH,EQ,590,595,578.5,579.7,579,586.5,12406,7261217.45,08-JUN-2016,241,INE211R01019,
POWERMECH,EQ,578,583.95,552,561.2,563.1,579.7,25818,14811167.35,09-JUN-2016,353,INE211R01019,
POWERMECH,EQ,569.9,574,565.3,568.8,566.5,561.2,2043,1163975.1,10-JUN-2016,139,INE211R01019,
POWERMECH,EQ,570,580,542,577.75,579,568.8,1759,1006329.95,13-JUN-2016,162,INE211R01019,
POWERMECH,EQ,579,584,570.7,580.55,580,577.75,2042,1180430.3,14-JUN-2016,63,INE211R01019,
POWERMECH,EQ,576.05,584.55,565,567.45,565.2,580.55,7322,4194789.9,15-JUN-2016,320,INE211R01019,
POWERMECH,EQ,568.05,570,559,561.7,559,567.45,1065,599877,16-JUN-2016,117,INE211R01019,
POWERMECH,EQ,560,565.5,555,559.35,558.05,561.7,5473,3055477.55,17-JUN-2016,190,INE211R01019,
POWERMECH,EQ,558,564.9,540,544.05,542,559.35,24273,13281275.3,20-JUN-2016,654,INE211R01019,
POWERMECH,EQ,549.95,552,540,545.3,550,544.05,4075,2222010.35,21-JUN-2016,141,INE211R01019,
POWERMECH,EQ,547.5,550,541.2,543.9,543.5,545.3,1430,779842.15,22-JUN-2016,139,INE211R01019,
POWERMECH,EQ,544.05,549.9,535,539.65,539,543.9,1672,907160.95,23-JUN-2016,176,INE211R01019,
POWERMECH,EQ,535,576,515.95,540.5,530.05,539.65,6548,3515420.9,24-JUN-2016,377,INE211R01019,
POWERMECH,EQ,532,555.9,532,541.25,540,540.5,5117,2760057.95,27-JUN-2016,393,INE211R01019,
POWERMECH,EQ,536.6,547.15,529.7,530.75,533.95,541.25,7421,3988677.1,28-JUN-2016,183,INE211R01019,
POWERMECH,EQ,531.05,553.95,531.05,545.8,540,530.75,8885,4834982.15,29-JUN-2016,454,INE211R01019,
POWERMECH,EQ,542,559.2,538,543.1,540,545.8,2550,1398084.3,30-JUN-2016,232,INE211R01019,
POWERMECH,EQ,543.15,552,540,547.5,546,543.1,8108,4435093.55,01-JUL-2016,317,INE211R01019,
POWERMECH,EQ,547.5,554,541.25,550.1,545.55,547.5,4686,2570491.35,04-JUL-2016,287,INE211R01019,
POWERMECH,EQ,546,556,542,554,549.5,550.1,4122,2261760.7,05-JUL-2016,268,INE211R01019,
POWERMECH,EQ,554.65,576.5,545.5,571.45,570,554,27378,15112883.8,07-JUL-2016,409,INE211R01019,
POWERMECH,EQ,569.8,570.9,557,559.25,558,571.45,5156,2903080.9,08-JUL-2016,284,INE211R01019,
POWERMECH,EQ,558.9,574,558.9,559.4,559,559.25,1459,817943.8,11-JUL-2016,153,INE211R01019,
POWERMECH,EQ,560,569,557,560.85,561.15,559.4,2183,1223233.9,12-JUL-2016,113,INE211R01019,
POWERMECH,EQ,565,565,552,560.3,564.85,560.85,2613,1456238.55,13-JUL-2016,147,INE211R01019,
POWERMECH,EQ,555.1,560.05,552,557.45,553.1,560.3,2475,1373526.45,14-JUL-2016,107,INE211R01019,
POWERMECH,EQ,550.1,562,550.1,561.15,562,557.45,4186,2330927.05,15-JUL-2016,234,INE211R01019,
POWERMECH,EQ,552.9,570,552.7,563.15,560.2,561.15,61931,34988622.05,18-JUL-2016,187,INE211R01019,
POWERMECH,EQ,555.05,560.05,553,555.8,553,563.15,2291,1278186.6,19-JUL-2016,79,INE211R01019,
POWERMECH,EQ,553.5,561.6,548.25,549.75,549,555.8,2991,1664155.85,20-JUL-2016,155,INE211R01019,
POWERMECH,EQ,556.55,556.55,545.25,546.05,546.1,549.75,755,414814.15,21-JUL-2016,96,INE211R01019,
POWERMECH,EQ,546.1,560,542.15,557.05,558,546.05,1906,1044016.05,22-JUL-2016,173,INE211R01019,
POWERMECH,EQ,557.15,565.9,542.55,563.05,559.8,557.05,5256,2913378.85,25-JUL-2016,254,INE211R01019,
POWERMECH,EQ,550.35,567.5,545,563.5,565,563.05,3881,2168769.2,26-JUL-2016,260,INE211R01019,
POWERMECH,EQ,554,567.75,553,555.2,562.65,563.5,68385,38417961.9,27-JUL-2016,204,INE211R01019,
POWERMECH,EQ,557.4,563.7,553,561.25,563.7,555.2,59297,33140162.55,28-JUL-2016,121,INE211R01019,
POWERMECH,EQ,562.2,570,559.05,569.25,564.1,561.25,53265,29951699.05,29-JUL-2016,189,INE211R01019,
POWERMECH,EQ,564,572,560,564.35,565,569.25,4179,2371945.1,01-AUG-2016,299,INE211R01019,
POWERMECH,EQ,570,570,551.15,552.35,552.05,564.35,30239,16931848.55,02-AUG-2016,100,INE211R01019,
POWERMECH,EQ,550.05,553.25,537.2,540.1,542.95,552.35,1566,852154.55,03-AUG-2016,139,INE211R01019,
POWERMECH,EQ,540.05,549.9,537.05,539.15,538.05,540.1,628,339816.35,04-AUG-2016,75,INE211R01019,
POWERMECH,EQ,540.55,544.8,535.1,541.1,540,539.15,2152,1161142.1,05-AUG-2016,120,INE211R01019,
POWERMECH,EQ,525.55,544.9,523.2,533.9,534,541.1,4983,2650592.4,08-AUG-2016,317,INE211R01019,
POWERMECH,EQ,533.9,543.8,530,539.25,540,533.9,2246,1211608.35,09-AUG-2016,125,INE211R01019,
POWERMECH,EQ,540,540,521.55,526.35,527.1,539.25,1033,547630.9,10-AUG-2016,86,INE211R01019,
POWERMECH,EQ,525.05,539,525,529.95,529,526.35,1085,578223.3,11-AUG-2016,184,INE211R01019,
POWERMECH,EQ,544,549,525,530.05,529,529.95,2132,1129587.55,12-AUG-2016,232,INE211R01019,
POWERMECH,EQ,516.15,551,516.15,543.35,550,530.05,2792,1488373.8,16-AUG-2016,257,INE211R01019,
POWERMECH,EQ,548,548,530,533.35,539.8,543.35,652,349389.7,17-AUG-2016,72,INE211R01019,
POWERMECH,EQ,547.9,547.9,528,536.65,536,533.35,10276,5490853.55,18-AUG-2016,194,INE211R01019,
POWERMECH,EQ,535,540,528,530.75,532,536.65,3435,1829318.85,19-AUG-2016,172,INE211R01019,
POWERMECH,EQ,519.1,519.1,459.05,489.3,490,530.75,33658,16421417.6,22-AUG-2016,1755,INE211R01019,
POWERMECH,EQ,490,490,468,472.4,472,489.3,9891,4761792.95,23-AUG-2016,600,INE211R01019,
POWERMECH,EQ,472.4,476.5,455,465.1,464.3,472.4,10024,4651068.65,24-AUG-2016,592,INE211R01019,
POWERMECH,EQ,469.9,476.5,463,475.15,476,465.1,3537,1660280.2,25-AUG-2016,275,INE211R01019,
POWERMECH,EQ,478.85,485,472,476.65,475,475.15,2496,1191119.35,26-AUG-2016,172,INE211R01019,
POWERMECH,EQ,472,477,457.3,463.8,462.5,476.65,2407,1131077.45,29-AUG-2016,166,INE211R01019,
POWERMECH,EQ,464.25,472,452,456.4,456.8,463.8,5443,2521564.8,30-AUG-2016,334,INE211R01019,
POWERMECH,EQ,455,465,454,461.25,465,456.4,4758,2187057.55,31-AUG-2016,461,INE211R01019,
POWERMECH,EQ,465.7,500,462,481.15,481.9,461.25,8550,4066220.5,01-SEP-2016,827,INE211R01019,
POWERMECH,EQ,483.85,495,479.45,481.4,479.75,481.15,26736,12978482.7,02-SEP-2016,503,INE211R01019,
POWERMECH,EQ,489.3,491,475,476.65,475.05,481.4,4261,2045404.45,06-SEP-2016,279,INE211R01019,
POWERMECH,EQ,479.75,479.75,470,472.45,474.5,476.65,6204,2930360.35,07-SEP-2016,332,INE211R01019,
POWERMECH,EQ,470.15,473.95,465,468.45,468.3,472.45,39925,18780763.15,08-SEP-2016,344,INE211R01019,
POWERMECH,EQ,465,471.05,461.5,468.05,467.8,468.45,6054,2824068.5,09-SEP-2016,303,INE211R01019,
POWERMECH,EQ,462.05,470,460,463.7,463.95,468.05,2444,1134208.05,12-SEP-2016,126,INE211R01019,
POWERMECH,EQ,477.5,480,464.6,478,479.5,463.7,30771,14474453.05,14-SEP-2016,720,INE211R01019,
POWERMECH,EQ,479.9,489,477,479.75,480,478,10171,4900582.5,15-SEP-2016,406,INE211R01019,
POWERMECH,EQ,480,487.85,478,479.15,478.5,479.75,26831,12971682.8,16-SEP-2016,289,INE211R01019,
POWERMECH,EQ,479,499,474,485.65,480,479.15,35008,17237361.6,19-SEP-2016,810,INE211R01019,
POWERMECH,EQ,485.65,500,485.4,487.9,488,485.65,9041,4428858.65,20-SEP-2016,447,INE211R01019,
POWERMECH,EQ,498,499,485.2,496.5,495.25,487.9,27209,13373887.1,21-SEP-2016,1321,INE211R01019,
POWERMECH,EQ,496.5,499,488,491.5,490,496.5,5244,2584622.85,22-SEP-2016,316,INE211R01019,
POWERMECH,EQ,498,499,486.3,495.55,495.05,491.5,4359,2158586,23-SEP-2016,312,INE211R01019,
POWERMECH,EQ,504,512.9,496.6,504.25,506.7,495.55,23511,11857934.05,26-SEP-2016,1124,INE211R01019,
POWERMECH,EQ,505.9,508.95,492.7,494.35,496.45,504.25,5911,2955588.5,27-SEP-2016,284,INE211R01019,
POWERMECH,EQ,505,505,487,490.35,489.5,494.35,6110,3001379.6,28-SEP-2016,545,INE211R01019,
POWERMECH,EQ,492.7,494,470,471.6,470.05,490.35,9037,4339229.95,29-SEP-2016,547,INE211R01019,
POWERMECH,EQ,472.1,495,472.1,485.95,485.7,471.6,8800,4259314.2,30-SEP-2016,618,INE211R01019,
POWERMECH,EQ,494.95,500.5,485,496.15,496,485.95,5247,2588715.1,03-OCT-2016,414,INE211R01019,
POWERMECH,EQ,496,499.8,490.15,495.55,493.6,496.15,4396,2181010.45,04-OCT-2016,332,INE211R01019,
POWERMECH,EQ,498.8,498.8,492.1,493.85,494.95,495.55,2844,1408926.55,05-OCT-2016,284,INE211R01019,
POWERMECH,EQ,495,500,485,492.95,494.9,493.85,6509,3210417.15,06-OCT-2016,373,INE211R01019,
POWERMECH,EQ,490.15,503.2,488,491.65,491,492.95,5939,2943468.95,07-OCT-2016,321,INE211R01019,
POWERMECH,EQ,490,493.5,488,489.55,488.1,491.65,7624,3736897.8,10-OCT-2016,219,INE211R01019,
POWERMECH,EQ,492.95,520,475,479.2,480.5,489.55,7766,3759702.8,13-OCT-2016,432,INE211R01019,
POWERMECH,EQ,480,491,478,489.85,491,479.2,6540,3180083.45,14-OCT-2016,356,INE211R01019,
POWERMECH,EQ,491,491,476,480.25,479,489.85,6736,3252657.1,17-OCT-2016,246,INE211R01019,
POWERMECH,EQ,486.15,487.75,478.1,485.05,484,480.25,10773,5201131.25,18-OCT-2016,2223,INE211R01019,
POWERMECH,EQ,481.35,491.65,477,486.7,490,485.05,11061,5371360.5,19-OCT-2016,274,INE211R01019,
POWERMECH,EQ,493,493.1,481.65,483.6,483,486.7,13059,6336466,20-OCT-2016,422,INE211R01019,
POWERMECH,EQ,484.25,488.9,476,482.2,488,483.6,11984,5762157.55,21-OCT-2016,620,INE211R01019,
POWERMECH,EQ,517.7,540,511,516.5,515.5,482.2,94102,49017808,24-OCT-2016,3118,INE211R01019,
POWERMECH,EQ,526,526,501,512.15,512,516.5,22671,11633947.1,25-OCT-2016,1136,INE211R01019,
POWERMECH,EQ,512.15,516,499.6,506.35,504,512.15,19223,9720189.6,26-OCT-2016,775,INE211R01019,
POWERMECH,EQ,507.4,512.95,502.75,511.05,512.9,506.35,9811,4984563.35,27-OCT-2016,407,INE211R01019,
POWERMECH,EQ,511,512.8,502.05,509.25,507.5,511.05,7280,3704724.45,28-OCT-2016,473,INE211R01019,
POWERMECH,EQ,510,520,495,502.2,500.05,513.05,12528,6378195.85,01-NOV-2016,484,INE211R01019,
POWERMECH,EQ,510,510,492.15,498.1,495,502.2,12259,6112337.45,02-NOV-2016,469,INE211R01019,
POWERMECH,EQ,491,500,491,491.7,491.5,498.1,6015,2980802.2,03-NOV-2016,399,INE211R01019,
POWERMECH,EQ,494.6,494.85,475.2,479.75,481.3,491.7,6005,2893079.2,04-NOV-2016,330,INE211R01019,
POWERMECH,EQ,488.7,488.7,477.6,483.45,485,479.75,3796,1836977.1,07-NOV-2016,189,INE211R01019,
POWERMECH,EQ,480,489,477.7,479.8,478,483.45,6647,3207139,08-NOV-2016,274,INE211R01019,
POWERMECH,EQ,463,478.95,455,476.5,476.2,479.8,10203,4780950.6,09-NOV-2016,2431,INE211R01019,
POWERMECH,EQ,494,500,459.4,475.4,476,476.5,11422,5455320.15,10-NOV-2016,396,INE211R01019,
POWERMECH,EQ,476,486.95,465.75,468.6,468.1,475.4,4277,2033482.35,11-NOV-2016,272,INE211R01019,
POWERMECH,EQ,469,477.9,431.05,436.2,439.9,468.6,11222,5001033.9,15-NOV-2016,940,INE211R01019,
POWERMECH,EQ,454,455,428,438.1,439.8,436.2,4896,2143420.15,16-NOV-2016,517,INE211R01019,
POWERMECH,EQ,440,448,428.15,443,442.15,438.1,5133,2264562.45,17-NOV-2016,418,INE211R01019,
POWERMECH,EQ,450,450,430.6,436.65,438,443,6437,2811761.9,18-NOV-2016,326,INE211R01019,
POWERMECH,EQ,448.95,448.95,433.4,438.1,436.05,436.65,5849,2561812.55,21-NOV-2016,269,INE211R01019,
POWERMECH,EQ,446,446,429.55,438.05,439,438.1,5419,2371050.55,22-NOV-2016,235,INE211R01019,
POWERMECH,EQ,439.95,454.9,433,450.75,451,438.05,4943,2205134.55,23-NOV-2016,281,INE211R01019,
POWERMECH,EQ,450,458,442.1,449.3,446.25,450.75,1777,796894.5,24-NOV-2016,180,INE211R01019,
POWERMECH,EQ,449.1,463.9,446.05,459.45,455.1,449.3,2553,1165208.25,25-NOV-2016,269,INE211R01019,
POWERMECH,EQ,453,474.95,447.5,465.4,460,459.45,6652,3073318.85,28-NOV-2016,489,INE211R01019,
POWERMECH,EQ,468,472,460.15,468.7,464.35,465.4,3099,1451803.95,29-NOV-2016,233,INE211R01019,
POWERMECH,EQ,468,483.8,461.5,468.7,468,468.7,6007,2806588.25,30-NOV-2016,247,INE211R01019,
POWERMECH,EQ,468.05,472.95,454.65,457.75,455,468.7,12934,6005513.6,01-DEC-2016,430,INE211R01019,
POWERMECH,EQ,457.55,464,453.7,457.9,460,457.75,5030,2308579.5,02-DEC-2016,406,INE211R01019,
POWERMECH,EQ,451.95,463.95,446,451.6,449.5,457.9,7712,3475336.35,05-DEC-2016,282,INE211R01019,
POWERMECH,EQ,453.55,463,446,455.45,454.9,451.6,12762,5755063.75,06-DEC-2016,474,INE211R01019,
POWERMECH,EQ,459.7,466.65,446.5,451.95,453,455.45,10756,4921526.8,07-DEC-2016,475,INE211R01019,
POWERMECH,EQ,457.1,461.6,452.05,456.45,456,451.95,3834,1753968.25,08-DEC-2016,371,INE211R01019,
POWERMECH,EQ,463.95,466.9,450,465.4,464,456.45,14664,6770822.25,09-DEC-2016,676,INE211R01019,
POWERMECH,EQ,464,468.65,460,464.25,468.5,465.4,4807,2231486.2,12-DEC-2016,287,INE211R01019,
POWERMECH,EQ,479.9,479.9,461.15,463.4,462.2,464.25,4318,2004452.95,13-DEC-2016,253,INE211R01019,
POWERMECH,EQ,474,474,456,459.4,458.25,463.4,2982,1377336.75,14-DEC-2016,197,INE211R01019,
POWERMECH,EQ,450,464.95,449,451.25,453.4,459.4,4034,1839806.5,15-DEC-2016,218,INE211R01019,
POWERMECH,EQ,453.45,465,452,461.4,462,451.25,2024,932566.55,16-DEC-2016,167,INE211R01019,
POWERMECH,EQ,454.15,470,453.5,457.1,460.2,461.4,1825,840007.9,19-DEC-2016,188,INE211R01019,
POWERMECH,EQ,456.2,460.2,446.35,447.6,447.8,457.1,2031,917444.1,20-DEC-2016,215,INE211R01019,
POWERMECH,EQ,452.8,452.8,445.45,446.35,448.8,447.6,1381,618357.55,21-DEC-2016,107,INE211R01019,
POWERMECH,EQ,445.7,458,441.5,444.85,445,446.35,2480,1108936.65,22-DEC-2016,288,INE211R01019,
POWERMECH,EQ,445.15,453.95,440.6,445.75,447,444.85,5991,2665797.4,23-DEC-2016,208,INE211R01019,
POWERMECH,EQ,440,450,438.5,440.7,440,445.75,2407,1064164.4,26-DEC-2016,216,INE211R01019,
POWERMECH,EQ,442,448.8,436.1,444.95,448.7,440.7,1544,683991.75,27-DEC-2016,250,INE211R01019,
POWERMECH,EQ,445.45,448.7,436,439.3,436,444.95,5971,2635399.95,28-DEC-2016,254,INE211R01019,
POWERMECH,EQ,447,447,435.1,438.75,440,439.3,3532,1548550.6,29-DEC-2016,249,INE211R01019,
POWERMECH,EQ,440,450,440,447.4,449.9,438.75,2731,1218255.95,30-DEC-2016,185,INE211R01019,
POWERMECH,EQ,449.9,455,447.55,449.95,450,447.4,5056,2275152.5,02-JAN-2017,102,INE211R01019,
POWERMECH,EQ,449,450,444.25,445.35,446.9,449.95,7389,3301930.55,03-JAN-2017,226,INE211R01019,
POWERMECH,EQ,444.95,445,439.1,439.9,439.7,445.35,7731,3414346.5,04-JAN-2017,312,INE211R01019,
POWERMECH,EQ,441.05,441.05,433.05,435,434.9,439.9,24885,10838993.55,05-JAN-2017,520,INE211R01019,
POWERMECH,EQ,434,440.8,433.1,434.65,435,435,5381,2343028.1,06-JAN-2017,210,INE211R01019,
POWERMECH,EQ,434.95,435,431,432.65,431.1,434.65,10696,4636486.5,09-JAN-2017,318,INE211R01019,
POWERMECH,EQ,435,436,427,429.65,430,432.65,8122,3495496.35,10-JAN-2017,336,INE211R01019,
POWERMECH,EQ,440,440,424,425.4,425.5,429.65,37189,15873003.35,11-JAN-2017,966,INE211R01019,
POWERMECH,EQ,425.05,451.3,420.05,447.25,447,425.4,206464,90700966.05,12-JAN-2017,2392,INE211R01019,
POWERMECH,EQ,447,453.85,442,442.85,442,447.25,18745,8354167.75,13-JAN-2017,681,INE211R01019,
POWERMECH,EQ,455,475,450,459.65,460.25,442.85,33452,15465805.7,16-JAN-2017,1307,INE211R01019,
POWERMECH,EQ,460,463,451,452.6,452.5,459.65,17489,7960763.6,17-JAN-2017,511,INE211R01019,
POWERMECH,EQ,453,454.5,444.1,446.2,447.95,452.6,9608,4316543.7,18-JAN-2017,440,INE211R01019,
POWERMECH,EQ,448,452.5,448,449.1,449.9,446.2,16723,7528205.6,19-JAN-2017,285,INE211R01019,
POWERMECH,EQ,449.9,458.5,442.9,444.55,445,449.1,7804,3516880.7,20-JAN-2017,399,INE211R01019,
POWERMECH,EQ,450,450,443.1,444.2,444,444.55,4480,1991584.7,23-JAN-2017,187,INE211R01019,
POWERMECH,EQ,447,449.95,444.5,448.15,447,444.2,4545,2030704.85,24-JAN-2017,128,INE211R01019,
POWERMECH,EQ,446,460.95,445.05,448.2,449.3,448.15,27104,12229541.45,25-JAN-2017,653,INE211R01019,
POWERMECH,EQ,449.3,452,441,445.45,447,448.2,11204,5012202.95,27-JAN-2017,386,INE211R01019,
POWERMECH,EQ,449,454,445.1,448.05,447.5,445.45,5489,2463894.85,30-JAN-2017,488,INE211R01019,
POWERMECH,EQ,450,451.45,444.4,448.1,445,448.05,18510,8308556.95,31-JAN-2017,430,INE211R01019,
POWERMECH,EQ,450,457,442.3,450.95,451,448.1,68211,30710151.65,01-FEB-2017,574,INE211R01019,
POWERMECH,EQ,448.7,451,445,449.25,449,450.95,4543,2039599.4,02-FEB-2017,227,INE211R01019,
POWERMECH,EQ,445.1,457.95,445,450.8,450,449.25,8967,4031287.9,03-FEB-2017,378,INE211R01019,
POWERMECH,EQ,455,465.5,452,455.1,455.15,450.8,19144,8744733.45,06-FEB-2017,699,INE211R01019,
POWERMECH,EQ,461.75,466,456,459,459.95,455.1,7003,3227565.8,07-FEB-2017,529,INE211R01019,
POWERMECH,EQ,462.95,466,455.2,462.85,462.95,459,4569,2099553.8,08-FEB-2017,282,INE211R01019,
POWERMECH,EQ,461.95,464,452,453.9,453.8,462.85,15181,6919134.45,09-FEB-2017,406,INE211R01019,
POWERMECH,EQ,459.5,465,450.4,451.4,452.2,453.9,13690,6212103.9,10-FEB-2017,1966,INE211R01019,
POWERMECH,EQ,451.1,455,450,450.65,450.05,451.4,7933,3586194.15,13-FEB-2017,246,INE211R01019,
POWERMECH,EQ,458.75,458.8,450,451.05,450,450.65,18430,8304457.25,14-FEB-2017,265,INE211R01019,
POWERMECH,EQ,460,491.6,441,444.9,448.2,451.05,80156,36229516.8,15-FEB-2017,1720,INE211R01019,
POWERMECH,EQ,453,453,445.5,449.75,447.55,444.9,4302,1932112.15,16-FEB-2017,236,INE211R01019,
POWERMECH,EQ,450,452.4,446.6,447.9,447,449.75,4348,1949779.5,17-FEB-2017,200,INE211R01019,
POWERMECH,EQ,451.7,457.95,442.1,444.1,443,447.9,17864,7960473.05,20-FEB-2017,593,INE211R01019,
POWERMECH,EQ,444,449,443,443.85,444,444.1,10002,4449966.25,21-FEB-2017,353,INE211R01019,
POWERMECH,EQ,446.25,447,441.95,443,444,443.85,10190,4528000.25,22-FEB-2017,337,INE211R01019,
POWERMECH,EQ,445.25,446.55,438.1,441.15,440.5,443,9715,4299464.55,23-FEB-2017,377,INE211R01019,
POWERMECH,EQ,448.85,448.85,431.1,435.75,437.7,441.15,6417,2819301.8,27-FEB-2017,387,INE211R01019,
POWERMECH,EQ,435.85,438.35,431.3,435.25,434.25,435.75,5801,2523189.55,28-FEB-2017,292,INE211R01019,
POWERMECH,EQ,439.95,442.1,434,435,434,435.25,8365,3652035.55,01-MAR-2017,259,INE211R01019,
POWERMECH,EQ,437.5,440,426.5,428.8,428.55,435,6138,2656443.15,02-MAR-2017,407,INE211R01019,
POWERMECH,EQ,431.95,431.95,425.05,426.35,426,428.8,3167,1354031.55,03-MAR-2017,224,INE211R01019,
POWERMECH,EQ,428.75,429.8,423.1,423.7,423.15,426.35,8079,3438314.7,06-MAR-2017,349,INE211R01019,
POWERMECH,EQ,425,425,413.4,414.5,414.05,423.7,18365,7679292.15,07-MAR-2017,971,INE211R01019,
POWERMECH,EQ,416.2,417,407.4,408.1,408,414.5,22791,9347583.5,08-MAR-2017,924,INE211R01019,
POWERMECH,EQ,405.05,410.5,403.05,403.85,404,408.1,18124,7333409.45,09-MAR-2017,768,INE211R01019,
POWERMECH,EQ,408.35,408.35,389.15,393.5,393.4,403.85,33853,13470665.35,10-MAR-2017,1343,INE211R01019,
POWERMECH,EQ,406.95,408,397.05,399.9,399.25,393.5,68305,27318055.7,14-MAR-2017,1209,INE211R01019,
POWERMECH,EQ,402.1,404.7,397.15,400.15,400,399.9,86678,34695640.4,15-MAR-2017,1038,INE211R01019,
POWERMECH,EQ,406,480.15,403,480.15,480.15,400.15,194970,89852051.75,16-MAR-2017,5234,INE211R01019,
POWERMECH,EQ,515.1,540,510,510.7,510.25,480.15,493888,257498806.45,17-MAR-2017,14687,INE211R01019,
POWERMECH,EQ,510,519,505,509.6,510,510.7,109960,56087986.55,20-MAR-2017,11570,INE211R01019,
POWERMECH,EQ,509.95,517,506,513.25,514.2,509.6,43209,22020071.8,21-MAR-2017,1483,INE211R01019,
POWERMECH,EQ,508,524.25,506.1,511.75,511.85,513.25,47886,24629021.75,22-MAR-2017,2369,INE211R01019,
POWERMECH,EQ,512.45,524,512.1,516.75,519,511.75,22980,11933757.9,23-MAR-2017,937,INE211R01019,
POWERMECH,EQ,514.6,516.9,510.2,512.35,512,516.75,12820,6582719.95,24-MAR-2017,489,INE211R01019,
POWERMECH,EQ,510,522.7,510,516.55,519.9,512.35,210583,108640058.15,27-MAR-2017,1021,INE211R01019,
POWERMECH,EQ,517.2,522,513.2,516.75,517,516.55,38918,20150212.6,28-MAR-2017,763,INE211R01019,
POWERMECH,EQ,513.6,522,509,510.25,509.95,516.75,79851,41221439.9,29-MAR-2017,928,INE211R01019,
POWERMECH,EQ,511.75,525,511.75,522.45,525,510.25,41951,21748829.05,30-MAR-2017,1194,INE211R01019,
POWERMECH,EQ,521.05,559.4,515,534.25,530,522.45,133299,71410371.6,31-MAR-2017,4651,INE211R01019,
POWERMECH,EQ,530.05,566.85,530.05,550.05,549.6,534.25,59704,33206812.7,03-APR-2017,2591,INE211R01019,
POWERMECH,EQ,545.05,559.4,545,549.9,551.05,550.05,17125,9453212.65,05-APR-2017,892,INE211R01019,
POWERMECH,EQ,549,549.95,538,539.45,540,549.9,14150,7696272.4,06-APR-2017,777,INE211R01019,
POWERMECH,EQ,535.15,544.5,530.05,534.05,531.5,539.45,13995,7520586.75,07-APR-2017,842,INE211R01019,
POWERMECH,EQ,539.75,545,523.05,531.3,531,534.05,28063,14884504.05,10-APR-2017,840,INE211R01019,
POWERMECH,EQ,536,537.45,520,526.4,532.6,531.3,37074,19546353.7,11-APR-2017,858,INE211R01019,
POWERMECH,EQ,530,530,518.05,526.15,530,526.4,27171,14285173.85,12-APR-2017,1037,INE211R01019,
POWERMECH,EQ,550,560,540.55,546.15,545.95,526.15,80933,44621610.3,13-APR-2017,2467,INE211R01019,
POWERMECH,EQ,545,552.9,538,547.75,550,546.15,33029,17968932.55,17-APR-2017,2169,INE211R01019,
POWERMECH,EQ,551.35,554.75,530,532.95,532.9,547.75,18260,9926480.15,18-APR-2017,2240,INE211R01019,
POWERMECH,EQ,535.7,548,530.5,533.15,531,532.95,20763,11142458.05,19-APR-2017,1085,INE211R01019,
POWERMECH,EQ,543.95,551,534.35,550,550,533.15,31558,17281713,20-APR-2017,2463,INE211R01019,
POWERMECH,EQ,549.85,558.95,545.1,548.45,549,550,22741,12521120.5,21-APR-2017,883,INE211R01019,
POWERMECH,EQ,550.85,558,540.05,544.75,551,548.45,18777,10293205.1,24-APR-2017,537,INE211R01019,
POWERMECH,EQ,545,567.95,537.1,558.3,555.55,544.75,30164,16616027.6,25-APR-2017,1109,INE211R01019,
POWERMECH,EQ,548.15,558.05,547.3,551.05,551,558.3,52921,29123416.7,26-APR-2017,810,INE211R01019,
POWERMECH,EQ,546.55,559,546.3,554.7,553.75,551.05,30860,17114961.25,27-APR-2017,3523,INE211R01019,
POWERMECH,EQ,540,561,540,558.05,558.9,554.7,29967,16696508.25,28-APR-2017,2161,INE211R01019,
POWERMECH,EQ,558.95,589.7,546.1,582.1,588,558.05,63212,36038278,02-MAY-2017,3017,INE211R01019,
POWERMECH,EQ,588.25,589.9,578,581.1,581,582.1,55172,32071512.3,03-MAY-2017,1012,INE211R01019,
POWERMECH,EQ,589,592.05,580,580.6,580.45,581.1,13054,7614667.05,04-MAY-2017,573,INE211R01019,
POWERMECH,EQ,571.95,590,571.95,584.2,583.95,580.6,17717,10290486.4,05-MAY-2017,439,INE211R01019,
POWERMECH,EQ,584.1,595,580,589.3,593,584.2,9936,5840763.25,08-MAY-2017,450,INE211R01019,
POWERMECH,EQ,582.05,595,581.1,592.95,593.95,589.3,26100,15398947.65,09-MAY-2017,1218,INE211R01019,
POWERMECH,EQ,600,624.4,590.05,609.05,609.5,592.95,38530,23614192.4,10-MAY-2017,2074,INE211R01019,
POWERMECH,EQ,601.95,623.35,600.1,606.6,607.5,609.05,15449,9403979.8,11-MAY-2017,1079,INE211R01019,
POWERMECH,EQ,607,614.9,587.55,590.05,590,606.6,20463,12182713.2,12-MAY-2017,690,INE211R01019,
POWERMECH,EQ,590,599,586,590.3,586.6,590.05,9672,5715944.9,15-MAY-2017,422,INE211R01019,
POWERMECH,EQ,593.85,598.5,582,585.65,585,590.3,13820,8124411.45,16-MAY-2017,511,INE211R01019,
POWERMECH,EQ,587.95,595,580,582.75,583.4,585.65,19215,11191556.45,17-MAY-2017,767,INE211R01019,
POWERMECH,EQ,580,584.7,580,581.2,581,582.75,12623,7332577.85,18-MAY-2017,564,INE211R01019,
POWERMECH,EQ,580.1,598.6,580.05,595.65,594,581.2,13993,8208066.5,19-MAY-2017,798,INE211R01019,
POWERMECH,EQ,595,599,585.6,595.9,596,595.65,12116,7179543.8,22-MAY-2017,575,INE211R01019,
POWERMECH,EQ,592.8,598,581,584.8,581.3,595.9,15449,9065312.25,23-MAY-2017,625,INE211R01019,
POWERMECH,EQ,582.75,585.05,577,580.1,580,584.8,25938,15047825.9,24-MAY-2017,458,INE211R01019,
POWERMECH,EQ,585,588,576.2,585.4,586.75,580.1,27516,15971553.8,25-MAY-2017,338,INE211R01019,
POWERMECH,EQ,598.85,598.9,581.6,591.4,594.2,585.4,4015,2371209.25,26-MAY-2017,303,INE211R01019,
POWERMECH,EQ,602,615,582.05,587.8,586.95,591.4,16846,10114710.25,29-MAY-2017,854,INE211R01019,
POWERMECH,EQ,585.1,593.7,580.5,590,589,587.8,19511,11358693.8,30-MAY-2017,851,INE211R01019,
POWERMECH,EQ,580.05,587.05,579.3,584.35,580.05,590,20448,11884069.85,31-MAY-2017,529,INE211R01019,
POWERMECH,EQ,581,589.45,580,585.35,585.05,584.35,8913,5202379.3,01-JUN-2017,465,INE211R01019,
POWERMECH,EQ,585.15,593.9,583.95,589.15,586,585.35,16632,9744139.8,02-JUN-2017,572,INE211R01019,
POWERMECH,EQ,585.9,601,584.9,585.4,585.15,589.15,7279,4295234.35,05-JUN-2017,426,INE211R01019,
POWERMECH,EQ,587.1,591.9,585,585.5,585,585.4,5425,3187412.45,06-JUN-2017,286,INE211R01019,
POWERMECH,EQ,585.6,588.45,585,585.25,585,585.5,7172,4201571,07-JUN-2017,187,INE211R01019,
POWERMECH,EQ,586.15,588.45,580.15,585.15,585.1,585.25,7184,4193450.15,08-JUN-2017,298,INE211R01019,
POWERMECH,EQ,585.1,588.05,585,585.3,585,585.15,1910,1119745.55,09-JUN-2017,131,INE211R01019,
POWERMECH,EQ,585.6,586.4,585,585.5,585.05,585.3,7789,4558534.35,12-JUN-2017,207,INE211R01019,
POWERMECH,EQ,594.2,595,584,586.85,587.25,585.5,6157,3608213.45,13-JUN-2017,327,INE211R01019,
POWERMECH,EQ,589.9,589.95,585,586.15,586.05,586.85,2309,1352107.25,14-JUN-2017,108,INE211R01019,
POWERMECH,EQ,585.55,609,585.55,597.8,608.15,586.15,13609,8093551.45,15-JUN-2017,568,INE211R01019,
POWERMECH,EQ,600.05,608.45,598,602.55,601.2,597.8,5721,3457318.3,16-JUN-2017,337,INE211R01019,
POWERMECH,EQ,597.05,605,595,604,600.35,602.55,3478,2094373.15,19-JUN-2017,260,INE211R01019,
POWERMECH,EQ,597.6,605.45,597.05,603.45,602,604,16658,10044342.85,20-JUN-2017,237,INE211R01019,
POWERMECH,EQ,603,603,593.95,599.75,596.1,603.45,3659,2191532.15,21-JUN-2017,232,INE211R01019,
POWERMECH,EQ,601.4,601.4,584.95,585,585,599.75,50167,29518743.7,22-JUN-2017,416,INE211R01019,
POWERMECH,EQ,585,589.85,584.95,585.4,589.8,585,14483,8474425.6,23-JUN-2017,219,INE211R01019,
POWERMECH,EQ,585.6,612,570.05,606.35,603,585.4,53040,31185365.15,27-JUN-2017,994,INE211R01019,
POWERMECH,EQ,605.1,608,588.2,594.3,594.05,606.35,2512,1496063.6,28-JUN-2017,218,INE211R01019,
POWERMECH,EQ,590,598.75,585,585.05,585,594.3,4702,2755187.95,29-JUN-2017,176,INE211R01019,
POWERMECH,EQ,586.1,590,585,585.3,585.1,585.05,12845,7526498,30-JUN-2017,183,INE211R01019,
POWERMECH,EQ,591.2,591.2,585,585.05,585,585.3,3585,2100986.65,03-JUL-2017,222,INE211R01019,
POWERMECH,EQ,586.7,614.7,585.05,596.3,591.45,585.05,13654,8151016.5,04-JUL-2017,1020,INE211R01019,
POWERMECH,EQ,602,602.4,585.6,589.25,585.6,596.3,4118,2441269.55,05-JUL-2017,288,INE211R01019,
POWERMECH,EQ,599.85,612,589.9,593.95,591.5,589.25,19074,11544102.65,06-JUL-2017,913,INE211R01019,
POWERMECH,EQ,594.1,596.85,587,588.9,587.1,593.95,5228,3094123.7,07-JUL-2017,298,INE211R01019,
POWERMECH,EQ,590,594.95,584.7,586.3,585,588.9,2803,1642312.35,10-JUL-2017,89,INE211R01019
POWERMECH,EQ,592.95,593.45,586,588.85,590.9,586.3,2828,1664334.65,11-JUL-2017,153,INE211R01019,
POWERMECH,EQ,590.9,595.35,590,593.25,594,588.85,4712,2791875.4,12-JUL-2017,161,INE211R01019,
POWERMECH,EQ,589.5,598.9,589.5,595.6,591.6,593.25,4617,2742051.45,13-JUL-2017,187,INE211R01019,
POWERMECH,EQ,591,599,586,592.75,586,595.6,7877,4672468,14-JUL-2017,241,INE211R01019,
POWERMECH,EQ,594.5,596.7,581,595.35,595.8,592.75,3569,2108929.85,17-JUL-2017,200,INE211R01019,
POWERMECH,EQ,590,593.95,586.55,586.9,586.55,595.35,5627,3327330.35,18-JUL-2017,212,INE211R01019,
POWERMECH,EQ,592,592.5,581.1,583.85,582.2,586.9,3594,2109306.4,19-JUL-2017,203,INE211R01019,
POWERMECH,EQ,591.8,591.8,580.8,582.35,581.1,583.85,3428,2003383.7,20-JUL-2017,212,INE211R01019,
POWERMECH,EQ,582.45,593,581.4,582.7,582,582.35,3349,1960828.7,21-JUL-2017,216,INE211R01019,
POWERMECH,EQ,585,592.8,584.1,590,590,582.7,3690,2171240.15,24-JUL-2017,135,INE211R01019,
POWERMECH,EQ,589,595,589,593.75,594,590,6041,3567840.45,25-JUL-2017,122,INE211R01019,
POWERMECH,EQ,597.9,597.9,585,585,585,585.1,4443,2601812,27-JUL-2017,167,INE211R01019,
POWERMECH,EQ,585.6,590.05,585,585.35,585.5,585,3650,2136965.1,28-JUL-2017,171,INE211R01019,
POWERMECH,EQ,585,589.9,585,586.45,586,585.35,1752,1026274.2,31-JUL-2017,57,INE211R01019,
POWERMECH,EQ,585.4,585.95,585,585,585,586.45,1518,888095.45,01-AUG-2017,71,INE211R01019,
POWERMECH,EQ,585.15,597,585,585,585,585,2667,1565250.4,02-AUG-2017,140,INE211R01019,
POWERMECH,EQ,586,592.95,585,585,585,585,3531,2068680.75,03-AUG-2017,101,INE211R01019,
POWERMECH,EQ,585.15,590,585,585,585,585,2583,1511352.1,04-AUG-2017,54,INE211R01019,
POWERMECH,EQ,585,589.45,585,585,585,585,2512,1469631,07-AUG-2017,64,INE211R01019,
POWERMECH,EQ,586,586.1,571.35,573.4,575.9,585,2256,1300827.85,08-AUG-2017,143,INE211R01019,
POWERMECH,EQ,566.6,579,550.55,562.8,557.55,573.4,5427,3084564.65,09-AUG-2017,341,INE211R01019,
POWERMECH,EQ,559.9,578.8,540,542.55,549,562.8,4367,2403271.2,10-AUG-2017,354,INE211R01019,
POWERMECH,EQ,550,550,540,546,547.7,542.55,5834,3177901.35,11-AUG-2017,265,INE211R01019,
POWERMECH,EQ,541.1,579,541.1,569.15,576.95,546,1891,1048871.75,14-AUG-2017,390,INE211R01019,
POWERMECH,EQ,553.35,575,550,556.45,558,569.15,2666,1484978,16-AUG-2017,185,INE211R01019,
POWERMECH,EQ,569,569.95,550.1,550.25,550.1,556.45,1835,1016568.7,17-AUG-2017,198,INE211R01019,
POWERMECH,EQ,550,550,537.05,545.8,544,550.25,5076,2769615.25,18-AUG-2017,222,INE211R01019,
POWERMECH,EQ,538.05,545.75,526,528.6,528.35,545.8,6730,3597258.75,21-AUG-2017,300,INE211R01019,
POWERMECH,EQ,535,539,528.95,530.15,530,528.6,2163,1150073.3,22-AUG-2017,250,INE211R01019,
POWERMECH,EQ,545,545,526.1,533.9,535,530.15,2352,1252431.7,23-AUG-2017,246,INE211R01019,
POWERMECH,EQ,535,549,533,545,543.8,533.9,864,464113.8,24-AUG-2017,63,INE211R01019,
POWERMECH,EQ,555,560,496,542.1,546,545,1917,1026899.6,28-AUG-2017,153,INE211R01019,
POWERMECH,EQ,535,544.75,527.05,529.8,530,542.1,2298,1224872.8,29-AUG-2017,173,INE211R01019,
POWERMECH,EQ,531.15,543.45,525,526.95,533.45,529.8,2011,1076906.8,30-AUG-2017,129,INE211R01019,
POWERMECH,EQ,527.1,534.9,527,530.25,533.45,526.95,2102,1114851.9,31-AUG-2017,123,INE211R01019,
POWERMECH,EQ,532,538.9,527.6,531.55,530,530.25,571,303640.65,01-SEP-2017,98,INE211R01019,
POWERMECH,EQ,536,555,530,535.05,530,531.55,4136,2242012.25,04-SEP-2017,304,INE211R01019,
POWERMECH,EQ,543,543,535,536.1,536,535.05,1431,768875.9,05-SEP-2017,195,INE211R01019,
POWERMECH,EQ,528.1,539,526,534,538,536.1,2232,1193193.7,06-SEP-2017,280,INE211R01019,
POWERMECH,EQ,535.65,551,532,545.8,551,534,3353,1805867.7,07-SEP-2017,161,INE211R01019,
POWERMECH,EQ,536.1,550,525,539.65,546,545.8,11036,5902619.15,08-SEP-2017,762,INE211R01019,
POWERMECH,EQ,532.15,545,532,539.85,540,539.65,3703,1998608.6,11-SEP-2017,250,INE211R01019,
POWERMECH,EQ,538,545,534,544.4,540.5,539.85,4202,2274971.9,12-SEP-2017,161,INE211R01019,
POWERMECH,EQ,535,545,535,540,540,544.4,4490,2425814.4,13-SEP-2017,111,INE211R01019,
POWERMECH,EQ,541.95,550,540,547.4,550,540,2399,1298470.15,14-SEP-2017,52,INE211R01019,
POWERMECH,EQ,548.55,550,535,539.9,538.05,547.4,5025,2714607.95,15-SEP-2017,180,INE211R01019,
POWERMECH,EQ,535,552,526.4,544,544,539.9,3605,1973130.5,18-SEP-2017,149,INE211R01019,
POWERMECH,EQ,531.1,554.8,446.1,545.35,552,544,11456,5926236.4,19-SEP-2017,484,INE211R01019,
POWERMECH,EQ,553.9,557,545.3,553.25,555,545.35,2922,1613570.4,20-SEP-2017,142,INE211R01019,
POWERMECH,EQ,549.35,556,549.3,551.3,549.95,553.25,1600,882395.8,21-SEP-2017,107,INE211R01019,
POWERMECH,EQ,551.9,551.9,548.75,549.25,551.8,551.3,3040,1669986.3,22-SEP-2017,73,INE211R01019,
POWERMECH,EQ,551.9,552.9,540,547.05,552.9,549.25,2836,1547374,25-SEP-2017,98,INE211R01019,
POWERMECH,EQ,551.9,563.65,549,555.65,557.9,547.05,1337,744668.25,26-SEP-2017,189,INE211R01019,
POWERMECH,EQ,564,569.9,541.8,545.15,544.2,555.65,1114,611328.55,27-SEP-2017,137,INE211R01019,
POWERMECH,EQ,540.4,558,536,554.15,557.8,545.15,1363,750638.05,28-SEP-2017,135,INE211R01019,
POWERMECH,EQ,546.5,561,544.35,558.4,560.95,554.15,1951,1085991,29-SEP-2017,205,INE211R01019,
POWERMECH,EQ,559.95,575.5,559.5,566.7,569.9,558.4,3156,1785463.95,03-OCT-2017,215,INE211R01019,
POWERMECH,EQ,570,570,559,568.5,567,566.7,2323,1310742.4,04-OCT-2017,130,INE211R01019,
POWERMECH,EQ,560.05,569.7,548.25,559.75,561.45,568.5,3762,2103243.75,05-OCT-2017,549,INE211R01019,
POWERMECH,EQ,559,564.95,553.2,560,560,559.75,9013,5047636.75,06-OCT-2017,204,INE211R01019,
POWERMECH,EQ,553.2,564,541.25,559.35,560,560,7058,3945906.6,09-OCT-2017,453,INE211R01019,
POWERMECH,EQ,555.05,564.95,555,559.85,560,559.35,3526,1976382.7,10-OCT-2017,160,INE211R01019,
POWERMECH,EQ,558,583,556,575.35,575,559.85,16391,9386602.9,11-OCT-2017,937,INE211R01019,
POWERMECH,EQ,575,581.95,572.5,579.2,580,575.35,1980,1146397.15,12-OCT-2017,452,INE211R01019,
POWERMECH,EQ,564.7,584.5,552,570.7,570,579.2,5264,2990449.2,13-OCT-2017,918,INE211R01019,
POWERMECH,EQ,570,570.05,556.75,566.45,565,570.7,5695,3199936.25,16-OCT-2017,237,INE211R01019,
POWERMECH,EQ,555.1,575,550,565.6,565.05,566.45,2272,1277201.65,17-OCT-2017,199,INE211R01019,
POWERMECH,EQ,557.5,579.5,556,570.15,570,565.6,2487,1411411.65,18-OCT-2017,148,INE211R01019,
POWERMECH,EQ,561,568,558.35,567.5,568,561.6,2996,1686929.35,23-OCT-2017,100,INE211R01019,
POWERMECH,EQ,569.95,570,543.7,560.05,560,567.5,3455,1928896.95,24-OCT-2017,205,INE211R01019,
POWERMECH,EQ,568.45,579.45,560,563.2,560.2,560.05,3646,2057692,25-OCT-2017,273,INE211R01019,
POWERMECH,EQ,580.1,580.1,558.05,560.1,561,563.2,5597,3138008.6,26-OCT-2017,162,INE211R01019,
POWERMECH,EQ,560.1,568,555.3,561.85,562.65,560.1,13567,7612084.3,27-OCT-2017,96,INE211R01019,
POWERMECH,EQ,568.9,568.9,552,559.5,560,561.85,16431,9202341.4,30-OCT-2017,281,INE211R01019,
POWERMECH,EQ,558,574,555.05,564.3,565,559.5,7766,4361826.45,31-OCT-2017,236,INE211R01019,
POWERMECH,EQ,569,572,565,565.75,570,564.3,59754,33809690.8,01-NOV-2017,124,INE211R01019,
POWERMECH,EQ,618,678.9,610,678.9,678.9,565.75,224172,147898076.65,02-NOV-2017,8133,INE211R01019,
POWERMECH,EQ,731,813.8,721,769.9,766,678.9,309311,238351712.35,03-NOV-2017,12317,INE211R01019,
POWERMECH,EQ,746.3,767.7,731.1,750.3,746,769.9,49648,37090413.95,06-NOV-2017,2503,INE211R01019,
POWERMECH,EQ,748.75,748.75,713.05,729.35,730,750.3,51405,37550092.55,07-NOV-2017,1900,INE211R01019,
POWERMECH,EQ,729.35,734.85,706,710.85,706,729.35,40423,29087792.8,08-NOV-2017,1522,INE211R01019,
POWERMECH,EQ,702.95,757,702.95,729.3,723.65,710.85,15821,11551208.7,09-NOV-2017,1257,INE211R01019,
POWERMECH,EQ,738.5,738.5,702.9,720.35,721.95,729.3,24253,17635777.2,10-NOV-2017,897,INE211R01019,
POWERMECH,EQ,711,731,706.1,714.4,708,720.35,11384,8133518.85,13-NOV-2017,707,INE211R01019,
POWERMECH,EQ,714,735,710,722.6,720,714.4,27686,19884204.1,14-NOV-2017,392,INE211R01019,
POWERMECH,EQ,749.95,749.95,703.2,710.15,712.5,722.6,18063,12833273.7,15-NOV-2017,697,INE211R01019,
POWERMECH,EQ,702.1,709.35,700.95,704.9,705.5,710.15,8706,6134823.75,16-NOV-2017,502,INE211R01019,
POWERMECH,EQ,711.85,772,691,742.1,742.8,704.9,91414,66546913.95,17-NOV-2017,3746,INE211R01019,
POWERMECH,EQ,749.95,759.95,740,749.95,755,742.1,13832,10375346.1,20-NOV-2017,755,INE211R01019,
POWERMECH,EQ,746.35,805.05,746.35,769.9,769,749.95,99008,77876454.2,21-NOV-2017,6041,INE211R01019,
POWERMECH,EQ,781.8,795,761,772.55,770,769.9,18669,14511677.15,22-NOV-2017,1273,INE211R01019,
POWERMECH,EQ,797.95,797.95,763.25,771.8,777,772.55,12154,9506698.75,23-NOV-2017,668,INE211R01019,
POWERMECH,EQ,778.45,785.95,736.55,745.3,749,771.8,102393,76648591.75,24-NOV-2017,3071,INE211R01019,
POWERMECH,EQ,754.75,773.95,724,731.05,728.5,745.3,44559,32978169.95,27-NOV-2017,2037,INE211R01019,
POWERMECH,EQ,732,734.8,718.9,722.75,726.9,731.05,8521,6164142.4,28-NOV-2017,642,INE211R01019,
POWERMECH,EQ,724.55,793.8,724.55,764.85,767,722.75,106865,82127895.35,29-NOV-2017,4329,INE211R01019,
POWERMECH,EQ,764,785,745,762.85,760,764.85,17975,13797079.05,30-NOV-2017,1209,INE211R01019,
POWERMECH,EQ,765,775,726.9,732.3,734,762.85,13456,10053415.85,01-DEC-2017,901,INE211R01019,
POWERMECH,EQ,726,785,726,762.7,762.5,732.3,20676,15844336.7,04-DEC-2017,1577,INE211R01019,
POWERMECH,EQ,755,765.7,748,760.75,760,762.7,6446,4880186,05-DEC-2017,648,INE211R01019,
POWERMECH,EQ,755.5,760.8,735.05,750.1,750,760.75,6518,4883527.85,06-DEC-2017,479,INE211R01019,
POWERMECH,EQ,749.95,756.9,742.4,750.45,750,750.1,2435,1824296.45,07-DEC-2017,270,INE211R01019,
POWERMECH,EQ,760,766.45,749,757.75,755,750.45,5710,4327329.45,08-DEC-2017,337,INE211R01019,
POWERMECH,EQ,757.75,760.85,740,745.35,745,757.75,7558,5663533.35,11-DEC-2017,294,INE211R01019,
POWERMECH,EQ,749,749,728,730.55,734,745.35,9530,7001800.25,12-DEC-2017,346,INE211R01019,
POWERMECH,EQ,728,750.8,697,719.55,721.5,730.55,15145,11031651.4,13-DEC-2017,1125,INE211R01019,
POWERMECH,EQ,718.4,730.25,708.3,717.6,713.1,719.55,4963,3557678.55,14-DEC-2017,458,INE211R01019,
POWERMECH,EQ,712,740,707,718.45,714.05,717.6,4830,3510917.95,15-DEC-2017,401,INE211R01019,
POWERMECH,EQ,718,760,707,751.15,760,718.45,6135,4534395.5,18-DEC-2017,390,INE211R01019,
POWERMECH,EQ,752,770,740.05,769.25,770,751.15,13022,9873370.15,19-DEC-2017,593,INE211R01019,
POWERMECH,EQ,769.8,776.75,762.1,766.85,769.6,769.25,13969,10783128.95,20-DEC-2017,454,INE211R01019,
POWERMECH,EQ,767,776.95,741.6,747.5,743,766.85,8238,6238638.3,21-DEC-2017,446,INE211R01019,
POWERMECH,EQ,757.6,757.6,740,741.8,740,747.5,8368,6229000.5,22-DEC-2017,272,INE211R01019,
POWERMECH,EQ,761.7,763,730,736.55,735.35,741.8,10489,7842644.8,26-DEC-2017,529,INE211R01019,
POWERMECH,EQ,736.55,755,736.55,742.7,749.6,736.55,29040,21712721.35,27-DEC-2017,900,INE211R01019,
POWERMECH,EQ,749,762,731.3,750.45,755,742.7,18005,13456906.05,28-DEC-2017,636,INE211R01019,
POWERMECH,EQ,754,773,725.2,737.75,740,750.45,58508,43783366.95,29-DEC-2017,1860,INE211R01019,
POWERMECH,EQ,755,787.8,747.1,756.85,757.95,737.75,76976,58630334.4,01-JAN-2018,3515,INE211R01019,
POWERMECH,EQ,758.35,771.5,747,768.55,766.9,756.85,21289,16260842.25,02-JAN-2018,981,INE211R01019,
POWERMECH,EQ,778.95,922.25,770,870.4,875,768.55,513238,450547593.85,03-JAN-2018,22442,INE211R01019,
POWERMECH,EQ,877.85,894.9,861,877.55,873.8,870.4,118677,104410652.95,04-JAN-2018,7430,INE211R01019,
POWERMECH,EQ,875,887,855.05,870.2,868.3,877.55,27498,23937722.45,05-JAN-2018,1646,INE211R01019,
POWERMECH,EQ,876.9,882.35,855,861.45,867,870.2,21542,18607473.45,08-JAN-2018,864,INE211R01019,
POWERMECH,EQ,867,875,852,865.75,865,861.45,24252,21003685.65,09-JAN-2018,1159,INE211R01019,
POWERMECH,EQ,867.2,913.95,847.3,872.85,875,865.75,68696,60161528.6,10-JAN-2018,3005,INE211R01019,
POWERMECH,EQ,879.95,887.95,852.1,871.3,875,872.85,10530,9217750.05,11-JAN-2018,806,INE211R01019,
POWERMECH,EQ,871.1,875,855.6,863.55,859,871.3,11939,10311662.75,12-JAN-2018,827,INE211R01019,
POWERMECH,EQ,850,922,850,902.6,895,863.55,137706,123826392.1,15-JAN-2018,4700,INE211R01019,
POWERMECH,EQ,905,908,870,878.7,879.9,902.6,41369,36521354.45,16-JAN-2018,3010,INE211R01019,
POWERMECH,EQ,883.85,883.85,840,870.2,866.4,878.7,66493,57467195.5,17-JAN-2018,987,INE211R01019,
POWERMECH,EQ,870.2,909.9,864.05,873.15,880,870.2,43978,38635772.3,18-JAN-2018,2575,INE211R01019,
POWERMECH,EQ,880,886.5,863.95,874.3,870.65,873.15,21136,18459534.85,19-JAN-2018,4252,INE211R01019,
POWERMECH,EQ,875,883.15,870,876.9,877.95,874.3,4543,3984405.05,22-JAN-2018,308,INE211R01019,
POWERMECH,EQ,870.2,898.95,867.05,872.55,874,876.9,8067,7104023.2,23-JAN-2018,698,INE211R01019,
POWERMECH,EQ,872.15,879.5,835,839.05,839.95,872.55,14912,12707062.35,24-JAN-2018,969,INE211R01019,
POWERMECH,EQ,845.5,851.95,831.05,838.25,833.05,839.05,11985,10114665.95,25-JAN-2018,373,INE211R01019,
POWERMECH,EQ,839.05,859,839,843.4,848,838.25,10843,9155423.35,29-JAN-2018,740,INE211R01019,
POWERMECH,EQ,841,841,804.1,809.75,807,843.4,15027,12337686.1,30-JAN-2018,913,INE211R01019,
POWERMECH,EQ,809.9,830.8,805.2,818,819,809.75,16873,13898126.8,31-JAN-2018,532,INE211R01019,
POWERMECH,EQ,833.9,833.9,811.1,813.6,815,818,2915,2395332.85,01-FEB-2018,225,INE211R01019,
POWERMECH,EQ,777,849.95,777,806.95,807.5,813.6,89882,72025567.7,02-FEB-2018,1190,INE211R01019,
POWERMECH,EQ,755,815,755,782.2,815,806.95,18508,14378512.85,05-FEB-2018,911,INE211R01019,
POWERMECH,EQ,762.65,790,750.15,784.7,786,782.2,7507,5785850.15,06-FEB-2018,730,INE211R01019,
POWERMECH,EQ,796.45,797,775.05,791.45,796.9,784.7,2710,2131840.45,07-FEB-2018,240,INE211R01019,
POWERMECH,EQ,799.9,835,798,822.05,824,791.45,4022,3291650.3,08-FEB-2018,627,INE211R01019,
POWERMECH,EQ,788.05,830.25,788,818.85,813.05,822.05,3425,2787052.1,09-FEB-2018,418,INE211R01019,
POWERMECH,EQ,832,838,818,824.2,830,818.85,4305,3569594.2,12-FEB-2018,295,INE211R01019,
POWERMECH,EQ,824.2,908,817,860.35,850.05,824.2,56701,49308621.35,14-FEB-2018,1741,INE211R01019,
POWERMECH,EQ,861,875.5,861,868.4,862.65,860.35,5706,4941812.2,15-FEB-2018,331,INE211R01019,
POWERMECH,EQ,868,874.95,860.05,868.05,870,868.4,4762,4129354.75,16-FEB-2018,870,INE211R01019,
POWERMECH,EQ,856.5,872.7,847.05,867.55,871,868.05,51960,44479236,19-FEB-2018,574,INE211R01019,
POWERMECH,EQ,870,894,870,887.15,890,867.55,8754,7746968,20-FEB-2018,964,INE211R01019,
POWERMECH,EQ,887.15,910,870,903.7,899,887.15,14400,12929434.2,21-FEB-2018,1141,INE211R01019,
POWERMECH,EQ,897,947,897,917.55,923,903.7,25615,23750378.1,22-FEB-2018,2196,INE211R01019,
POWERMECH,EQ,923,947,923,931.1,939,917.55,9416,8791510.85,23-FEB-2018,892,INE211R01019,
POWERMECH,EQ,931.1,978,920,952.35,956.9,931.1,80501,76892938.45,26-FEB-2018,2542,INE211R01019,
POWERMECH,EQ,962.7,974.35,940.45,953.75,949.55,952.35,14568,13941557.6,27-FEB-2018,878,INE211R01019,
POWERMECH,EQ,953.75,969,930.05,944.1,941.95,953.75,2811,2652786.45,28-FEB-2018,315,INE211R01019,
POWERMECH,EQ,949.85,965,920.15,927.8,922.3,944.1,1404,1322264.7,01-MAR-2018,213,INE211R01019,
POWERMECH,EQ,927.5,932,881,882.9,885,927.8,5837,5220974.45,05-MAR-2018,535,INE211R01019,
POWERMECH,EQ,895.95,899.9,866.1,873.4,869.05,882.9,3620,3192491.1,06-MAR-2018,405,INE211R01019,
POWERMECH,EQ,886.45,893,845,853.05,857,873.4,5880,5129740.7,07-MAR-2018,437,INE211R01019,
POWERMECH,EQ,863.95,877,841,871.05,875,853.05,7202,6180212.4,08-MAR-2018,436,INE211R01019,
POWERMECH,EQ,873.5,898,851.5,855.3,859,871.05,3671,3184158.15,09-MAR-2018,441,INE211R01019,
POWERMECH,EQ,861,892,861,889.7,884,855.3,29810,26296413.25,12-MAR-2018,389,INE211R01019,
POWERMECH,EQ,902.95,908.8,890,902.95,904,889.7,11619,10470153.65,13-MAR-2018,645,INE211R01019,
POWERMECH,EQ,904,905,878.8,882.25,881.2,902.95,4177,3723869.5,14-MAR-2018,380,INE211R01019,
POWERMECH,EQ,890,890,867,878.5,881.9,882.25,5933,5196912.05,15-MAR-2018,287,INE211R01019,
POWERMECH,EQ,886.85,890,858.1,873.05,890,878.5,10414,9114970.55,16-MAR-2018,484,INE211R01019,
POWERMECH,EQ,875.05,875.05,848.7,852.5,864,873.05,5193,4464936.1,19-MAR-2018,573,INE211R01019,
POWERMECH,EQ,855,863,839.25,859.7,860.1,852.5,1832,1571430.05,20-MAR-2018,149,INE211R01019,
POWERMECH,EQ,860,862,856.05,859.35,860.5,859.7,7945,6831365.25,21-MAR-2018,168,INE211R01019,
POWERMECH,EQ,862,864.75,842.2,849.65,844,859.35,4120,3510423.05,22-MAR-2018,153,INE211R01019,
POWERMECH,EQ,811,873,811,852.2,860,849.65,5457,4594931.6,23-MAR-2018,399,INE211R01019,
POWERMECH,EQ,848.5,890,848.5,873.45,890,852.2,9004,7818859.35,26-MAR-2018,487,INE211R01019,
POWERMECH,EQ,876.35,888.5,875,881.1,880,873.45,1071,942645.85,27-MAR-2018,93,INE211R01019,
POWERMECH,EQ,875,889.8,840.25,846.65,841,881.1,4327,3777346.5,28-MAR-2018,273,INE211R01019,
POWERMECH,EQ,847,887.15,847,885.05,886,846.65,2380,2084692.5,02-APR-2018,220,INE211R01019,
POWERMECH,EQ,894,909.9,884,889.85,894,885.05,3474,3103275.3,03-APR-2018,301,INE211R01019,
POWERMECH,EQ,880.9,893.55,864.85,877.85,885,889.85,4276,3741356.25,04-APR-2018,199,INE211R01019,
POWERMECH,EQ,865.05,906,865.05,874.6,871.1,877.85,92796,82003522.2,05-APR-2018,2671,INE211R01019,
POWERMECH,EQ,885,889.5,871.2,883.25,889.5,874.6,1247,1094864.1,06-APR-2018,140,INE211R01019,
POWERMECH,EQ,880.25,1005,870.1,882.7,887.75,883.25,193061,176274408.8,09-APR-2018,6409,INE211R01019,
POWERMECH,EQ,890,911,872.5,882.5,874.75,882.7,125585,111239005.2,10-APR-2018,1806,INE211R01019,
POWERMECH,EQ,874.05,892,874.05,880.85,885,882.5,12661,11229432.75,11-APR-2018,706,INE211R01019,
POWERMECH,EQ,872,890.05,872,885.15,886,880.85,9608,8488723.35,12-APR-2018,530,INE211R01019,
POWERMECH,EQ,876.05,891,876.05,889.9,890,885.15,68525,60718257.9,13-APR-2018,548,INE211R01019,
POWERMECH,EQ,880.45,895.05,880.45,888.3,889.7,889.9,62560,55675552.45,16-APR-2018,927,INE211R01019,
POWERMECH,EQ,890,972.5,887.05,961.45,962,888.3,200748,188477684.85,17-APR-2018,5755,INE211R01019,
POWERMECH,EQ,965.5,1068,965.1,1033.9,1035,961.45,310524,314323381.55,18-APR-2018,11653,INE211R01019,
POWERMECH,EQ,1053.7,1064,995,1006.2,999.1,1033.9,96741,99304995.05,19-APR-2018,5203,INE211R01019,
POWERMECH,EQ,1001.2,1035,981.1,1019.65,1016,1006.2,53574,54231762.7,20-APR-2018,3833,INE211R01019,
POWERMECH,EQ,1024.7,1073.4,1003.65,1037.7,1036.6,1019.65,110223,114346568.6,23-APR-2018,5213,INE211R01019,
POWERMECH,EQ,1042.7,1078,1036.5,1060.75,1064.7,1037.7,42586,45103191,24-APR-2018,2197,INE211R01019,
POWERMECH,EQ,1067,1075.75,1042.6,1052.75,1046,1060.75,25554,27131178.5,25-APR-2018,2047,INE211R01019,
POWERMECH,EQ,1050,1055.95,1025,1033.8,1030,1052.75,60946,63158397.2,26-APR-2018,1132,INE211R01019,
POWERMECH,EQ,1040,1050,1015.6,1028.95,1020,1033.8,54876,56565862.15,27-APR-2018,5261,INE211R01019,
POWERMECH,EQ,1054,1064.9,1015,1019.05,1020,1028.95,13227,13759556.55,30-APR-2018,757,INE211R01019,
POWERMECH,EQ,1033.9,1037.35,1001.75,1013.5,1009.4,1019.05,9887,10106012.75,02-MAY-2018,1145,INE211R01019,
POWERMECH,EQ,1025,1045,1010.05,1039.95,1039,1013.5,23702,24545533.5,03-MAY-2018,2005,INE211R01019,
POWERMECH,EQ,1039,1045,1023,1034.65,1039,1039.95,46203,47770031.35,04-MAY-2018,3282,INE211R01019,
POWERMECH,EQ,1043.7,1043.7,1028.05,1040.2,1037.1,1034.65,10060,10448280.35,07-MAY-2018,422,INE211R01019,
POWERMECH,EQ,1057,1057,1010.5,1025.3,1020,1040.2,17849,18534083,08-MAY-2018,703,INE211R01019,
POWERMECH,EQ,1040,1040,1007,1010.45,1014,1025.3,7045,7159983.95,09-MAY-2018,272,INE211R01019,
POWERMECH,EQ,1014,1021.15,972.25,979.35,980,1010.45,7727,7656397.1,10-MAY-2018,631,INE211R01019,
POWERMECH,EQ,998.9,1019.65,982.35,997.8,1000,979.35,6756,6744348.3,11-MAY-2018,681,INE211R01019,
POWERMECH,EQ,997.8,1045,969,1000.7,1008.8,997.8,21296,21485408.65,14-MAY-2018,1848,INE211R01019,
POWERMECH,EQ,1019,1019,985.7,996.25,1005,1000.7,4202,4211349.4,15-MAY-2018,292,INE211R01019,
POWERMECH,EQ,1014.8,1014.8,990,1007.45,1001.1,996.25,3809,3827656.65,16-MAY-2018,362,INE211R01019,
POWERMECH,EQ,1005,1010,999,1005.55,1005,1007.45,8287,8338138.05,17-MAY-2018,175,INE211R01019,
POWERMECH,EQ,1010,1010,981.35,989.05,981.35,1005.55,3435,3422637.1,18-MAY-2018,257,INE211R01019,
POWERMECH,EQ,1013,1013,975.5,992.05,990,989.05,6437,6412149.75,21-MAY-2018,529,INE211R01019,
POWERMECH,EQ,1008,1008,961.35,971.7,967.5,992.05,7023,6886086.15,22-MAY-2018,367,INE211R01019,
POWERMECH,EQ,979.7,984.35,965,970,965.05,971.7,2952,2876965.4,23-MAY-2018,239,INE211R01019,
POWERMECH,EQ,970,984,952,958.15,952.05,970,4171,4047000.2,24-MAY-2018,323,INE211R01019,
POWERMECH,EQ,996.85,997,958,969.9,980,958.15,5400,5242538.55,25-MAY-2018,701,INE211R01019,
POWERMECH,EQ,999.9,1020.05,975.25,979.8,978,969.9,8496,8472017.05,28-MAY-2018,588,INE211R01019,
POWERMECH,EQ,987,1005,953.4,959.45,954.05,979.8,9329,9126507.7,29-MAY-2018,406,INE211R01019,
POWERMECH,EQ,961,970,947.2,964.75,960.7,959.45,6181,5936938.95,30-MAY-2018,691,INE211R01019,
POWERMECH,EQ,989,989,959.15,968.5,966.2,964.75,10427,10068806.45,31-MAY-2018,420,INE211R01019,
POWERMECH,EQ,985,985,915,955.4,953,968.5,7582,7154025.1,01-JUN-2018,698,INE211R01019,
POWERMECH,EQ,978,978,901.1,928.95,926,955.4,20384,19039023,04-JUN-2018,1116,INE211R01019,
POWERMECH,EQ,920.05,923.7,880,894.7,886,928.95,16301,14631829.15,05-JUN-2018,1661,INE211R01019,
POWERMECH,EQ,881.15,925,877.85,911.1,907,894.7,10151,9211534.55,06-JUN-2018,950,INE211R01019,
POWERMECH,EQ,923.95,970,902,954.15,951.65,911.1,11122,10599600.2,07-JUN-2018,959,INE211R01019,
POWERMECH,EQ,950,981,945,967.3,965,954.15,4501,4359546,08-JUN-2018,404,INE211R01019,
POWERMECH,EQ,987.9,987.9,948,970.5,970,967.3,5051,4890405.65,11-JUN-2018,696,INE211R01019,
POWERMECH,EQ,981.85,988,960.25,975.7,970,970.5,3121,3042953.9,12-JUN-2018,303,INE211R01019,
POWERMECH,EQ,975.95,980,960,968.15,970,975.7,1778,1721972.95,13-JUN-2018,221,INE211R01019,
POWERMECH,EQ,970.95,997,945.9,978.05,975.1,968.15,57044,55597516.55,14-JUN-2018,705,INE211R01019,
POWERMECH,EQ,987.95,987.95,948.05,980.15,987,978.05,7885,7633494.2,15-JUN-2018,462,INE211R01019,
POWERMECH,EQ,1000,1000,936,940.1,936,980.15,12541,11938552.85,18-JUN-2018,545,INE211R01019,
POWERMECH,EQ,940.1,975,920.1,949,948,940.1,77904,74087284.45,19-JUN-2018,3817,INE211R01019,
POWERMECH,EQ,949.95,963.8,941.9,951.1,954.7,949,35589,33814648.45,20-JUN-2018,1028,INE211R01019,
POWERMECH,EQ,960,969,941.1,960.55,960,951.1,28350,27074059.35,21-JUN-2018,1074,INE211R01019,
POWERMECH,EQ,964.95,994.95,955.75,975.95,975.85,960.55,56931,54953416.3,22-JUN-2018,699,INE211R01019,
POWERMECH,EQ,975.95,988.75,965.3,970.35,969.95,975.95,24530,23800003,25-JUN-2018,1119,INE211R01019,
POWERMECH,EQ,956,980,956,972.85,980,970.35,47784,46569591.75,26-JUN-2018,653,INE211R01019,
POWERMECH,EQ,977.6,978.85,932,937.85,932,972.85,15616,14995416.5,27-JUN-2018,859,INE211R01019,
POWERMECH,EQ,935,935.95,911.1,915.45,914.9,937.85,6193,5716822.65,28-JUN-2018,251,INE211R01019,
POWERMECH,EQ,930,959,926.25,933.15,929.05,915.45,8931,8402816.05,29-JUN-2018,696,INE211R01019,
POWERMECH,EQ,940,945,921,943.7,945,933.15,6203,5822749.2,02-JUL-2018,1108,INE211R01019,
POWERMECH,EQ,951,951,920.05,921.6,920.05,943.7,2454,2286252.7,03-JUL-2018,204,INE211R01019,
POWERMECH,EQ,929.7,938,914,934.85,931.05,921.6,3265,3007561.55,04-JUL-2018,334,INE211R01019,
POWERMECH,EQ,935,955,926,949.25,954,934.85,4664,4399739.85,05-JUL-2018,210,INE211R01019,
POWERMECH,EQ,954,961.35,944.95,953.1,960,949.25,27303,25953402.95,06-JUL-2018,726,INE211R01019,
POWERMECH,EQ,969.6,973.8,960,971.2,972,953.1,29347,28457240.9,09-JUL-2018,766,INE211R01019,
POWERMECH,EQ,969.1,978.95,967.15,975.05,978,971.2,8284,8074150.95,10-JUL-2018,224,INE211R01019,
POWERMECH,EQ,976,976.2,930.15,965.9,970,975.05,19432,18665210.3,11-JUL-2018,1271,INE211R01019,
POWERMECH,EQ,980,980,932.05,936.7,949,965.9,11527,11000515.8,12-JUL-2018,1706,INE211R01019,
POWERMECH,EQ,944.2,944.2,922.35,938.65,939.95,936.7,25967,24150767.5,13-JUL-2018,759,INE211R01019,
POWERMECH,EQ,952.6,957.95,915.7,945.1,945,938.65,10894,10266988.5,16-JUL-2018,741,INE211R01019,
POWERMECH,EQ,944.05,948.95,931,942.2,948.95,945.1,2443,2287299.55,17-JUL-2018,218,INE211R01019,
POWERMECH,EQ,948.95,969.9,925.8,929.6,930,942.2,7751,7298109.1,18-JUL-2018,1779,INE211R01019,
POWERMECH,EQ,957.4,957.4,922.4,929.4,930,929.6,7010,6518254.15,19-JUL-2018,384,INE211R01019,
POWERMECH,EQ,950.9,950.9,923.55,935.05,935,929.4,1419,1323750.35,20-JUL-2018,147,INE211R01019,
POWERMECH,EQ,963.05,963.05,925.15,955,960,935.05,6210,5897881.25,23-JUL-2018,409,INE211R01019,
POWERMECH,EQ,941.05,983,941,956.3,957,955,4354,4181575.9,24-JUL-2018,1466,INE211R01019,
POWERMECH,EQ,970.55,972,943.15,969.9,970,956.3,17318,16776587.05,25-JUL-2018,1299,INE211R01019,
POWERMECH,EQ,976,976,962.6,970.8,970,969.9,7446,7221736.4,26-JUL-2018,690,INE211R01019,
POWERMECH,EQ,985.35,985.35,956.85,970.1,968,970.8,2131,2058923.1,27-JUL-2018,307,INE211R01019,
POWERMECH,EQ,952,965.1,947.1,959.6,960,970.1,22314,21300900.95,30-JUL-2018,1061,INE211R01019,
POWERMECH,EQ,973,973,951.1,969.2,970,959.6,2251,2175426.25,31-JUL-2018,234,INE211R01019,
POWERMECH,EQ,979.95,981,968,974.4,974.5,969.2,20201,19611386.9,01-AUG-2018,610,INE211R01019,
POWERMECH,EQ,980,980,960.1,962.25,960.6,974.4,3673,3553357,02-AUG-2018,181,INE211R01019,
POWERMECH,EQ,976.6,976.6,969.5,973.9,975,962.25,7193,7011397.3,03-AUG-2018,460,INE211R01019,
POWERMECH,EQ,975,1016,975,1000.65,1005,973.9,133317,132989294.95,06-AUG-2018,3036,INE211R01019,
POWERMECH,EQ,1005,1009.65,977.6,979.35,980.35,1000.65,9941,9884129.2,07-AUG-2018,347,INE211R01019,
POWERMECH,EQ,993.95,993.95,950.05,958.4,960,979.35,10199,9827548.95,08-AUG-2018,526,INE211R01019,
POWERMECH,EQ,971,972,960,968.35,972,958.4,5796,5607097.1,09-AUG-2018,289,INE211R01019,
POWERMECH,EQ,978,978,957,959.8,964,968.35,2896,2782538.35,10-AUG-2018,289,INE211R01019,
POWERMECH,EQ,967,974,920,945.5,946,959.8,163907,153462930.95,13-AUG-2018,1581,INE211R01019,
POWERMECH,EQ,958,958,930.35,934,935,945.5,11913,11145345.8,14-AUG-2018,517,INE211R01019,
POWERMECH,EQ,950.95,955.55,941.65,950,950,934,15335,14547131.6,16-AUG-2018,830,INE211R01019,
POWERMECH,EQ,950,963,950,959.9,963,950,2597,2489567.5,17-AUG-2018,157,INE211R01019,
POWERMECH,EQ,970,974.25,959.15,966.15,970,959.9,5341,5164710.3,20-AUG-2018,478,INE211R01019,
POWERMECH,EQ,970,971,960.3,969.7,970.8,966.15,11280,10919346.8,21-AUG-2018,418,INE211R01019,
POWERMECH,EQ,973.9,983.15,963,972.5,971,969.7,19828,19250980.2,23-AUG-2018,3002,INE211R01019,
POWERMECH,EQ,980.95,989,969.55,977.2,977,972.5,64926,63286405.85,24-AUG-2018,1222,INE211R01019,
POWERMECH,EQ,979.9,989,973.15,975.05,976,977.2,5367,5270259.95,27-AUG-2018,533,INE211R01019,
POWERMECH,EQ,980,980,972.2,976.15,976,975.05,11889,11606729.9,28-AUG-2018,1173,INE211R01019,
POWERMECH,EQ,969.55,976.4,964.15,975,975.25,976.15,32477,31596546.9,29-AUG-2018,2225,INE211R01019,
POWERMECH,EQ,980,980,968.2,970.9,979.7,975,10990,10669213.85,30-AUG-2018,809,INE211R01019,
POWERMECH,EQ,978,989.85,962.5,975.25,982,970.9,19768,19210653.1,31-AUG-2018,793,INE211R01019,
POWERMECH,EQ,989.5,989.5,967.15,980.65,980,975.25,9406,9202512.35,03-SEP-2018,558,INE211R01019,
POWERMECH,EQ,980,985,972,979.95,980,980.65,11935,11691087.7,04-SEP-2018,951,INE211R01019,
POWERMECH,EQ,978.9,978.9,962.6,970.15,969.95,979.95,8156,7910173.75,05-SEP-2018,521,INE211R01019,
POWERMECH,EQ,981.9,1074,974,1051.2,1040,970.15,35386,36414173.45,06-SEP-2018,1809,INE211R01019,
POWERMECH,EQ,1040.3,1047.95,1010.1,1015.1,1024.45,1051.2,18113,18465381.2,07-SEP-2018,1584,INE211R01019,
POWERMECH,EQ,1019.75,1023,971.15,976.9,977.5,1015.1,11938,11982408.15,10-SEP-2018,1370,INE211R01019,
POWERMECH,EQ,984.75,985,916.1,937.95,925,976.9,7159,6841938.7,11-SEP-2018,904,INE211R01019,
POWERMECH,EQ,937.9,937.9,902,914,919,937.95,6982,6372817.1,12-SEP-2018,844,INE211R01019,
POWERMECH,EQ,915.1,947.95,914,941.35,939.9,914,4476,4173083.4,14-SEP-2018,478,INE211R01019,
POWERMECH,EQ,948,948,923.25,929.45,925,941.35,4963,4614404,17-SEP-2018,420,INE211R01019,
POWERMECH,EQ,930,941.9,928.5,929.7,930.6,929.45,5936,5520852.15,18-SEP-2018,415,INE211R01019,
POWERMECH,EQ,936.3,937.2,922.35,929.7,930,929.7,4070,3784091.1,19-SEP-2018,347,INE211R01019,
POWERMECH,EQ,929.7,940.6,917.8,930.05,930,929.7,17288,16063448.65,21-SEP-2018,808,INE211R01019,
POWERMECH,EQ,930,935,862.8,890.5,890.05,930.05,12585,11272739.95,24-SEP-2018,1009,INE211R01019,
POWERMECH,EQ,890,944,866.3,894.4,944,890.5,24702,21877317.05,25-SEP-2018,769,INE211R01019,
POWERMECH,EQ,901,939.95,901,927.1,937.8,894.4,4440,4088083.1,26-SEP-2018,382,INE211R01019,
POWERMECH,EQ,921.05,935.7,913.15,931.25,930,927.1,10962,10122990.2,27-SEP-2018,497,INE211R01019,
POWERMECH,EQ,945.15,950,887.85,905.45,914.15,931.25,11954,10801750.7,28-SEP-2018,1134,INE211R01019,
POWERMECH,EQ,905,905,843.8,862.85,859.15,905.45,10459,9018984.95,01-OCT-2018,651,INE211R01019,
POWERMECH,EQ,856,859.25,830,845.45,849,862.85,19759,16598407,03-OCT-2018,921,INE211R01019,
POWERMECH,EQ,830,838.1,814,831.4,826.8,845.45,15256,12550016.35,04-OCT-2018,765,INE211R01019,
POWERMECH,EQ,821.75,845.5,777.05,797.9,798.9,831.4,22503,18308297.8,05-OCT-2018,1532,INE211R01019,
POWERMECH,EQ,809.85,825,777.1,804.2,820,797.9,22125,17746624,08-OCT-2018,1470,INE211R01019,
POWERMECH,EQ,806.05,852.9,796.45,837.95,835,804.2,66152,53127622.4,09-OCT-2018,799,INE211R01019,
POWERMECH,EQ,840,882.75,826.4,876.3,875,837.95,3028,2604120.85,10-OCT-2018,259,INE211R01019,
POWERMECH,EQ,854.5,899,838.7,856.65,843.4,876.3,90962,80258273.2,11-OCT-2018,795,INE211R01019,
POWERMECH,EQ,882.6,899,864.2,888.95,884.5,856.65,26074,23287432.95,12-OCT-2018,578,INE211R01019,
POWERMECH,EQ,889,889,864.2,867.45,864.2,888.95,1022,895326.8,15-OCT-2018,116,INE211R01019,
POWERMECH,EQ,859,871.05,859,869.9,871,867.45,1080,935926.4,16-OCT-2018,90,INE211R01019,
POWERMECH,EQ,870,898.9,845,847.65,849,869.9,2774,2420603.5,17-OCT-2018,374,INE211R01019,
POWERMECH,EQ,880,898,825,887.15,898,847.65,3799,3306811.65,19-OCT-2018,685,INE211R01019,
POWERMECH,EQ,875.2,896,851.35,871.5,851.35,887.15,4869,4266263.15,22-OCT-2018,1347,INE211R01019,
POWERMECH,EQ,851,853.75,823,825.5,823,871.5,3090,2581442.4,23-OCT-2018,204,INE211R01019,
POWERMECH,EQ,833.9,846,811.15,840,833.7,825.5,53873,45241701.9,24-OCT-2018,296,INE211R01019,
POWERMECH,EQ,829.95,850,820.1,841.7,841.1,840,1341,1124966.2,25-OCT-2018,208,INE211R01019,
POWERMECH,EQ,834.85,834.85,807.5,820.4,820,841.7,6100,5012025.15,26-OCT-2018,454,INE211R01019,
POWERMECH,EQ,820.4,864.95,820.35,862.45,862,820.4,7410,6235666.15,29-OCT-2018,508,INE211R01019,
POWERMECH,EQ,870.35,887.85,859.95,883.55,875,862.45,10881,9444999.5,30-OCT-2018,588,INE211R01019,
POWERMECH,EQ,877.9,883.95,856.85,876.1,876,883.55,27309,23925835.5,31-OCT-2018,322,INE211R01019,
POWERMECH,EQ,875.95,889.95,860,865.6,860,876.1,1890,1645789.95,01-NOV-2018,175,INE211R01019,
POWERMECH,EQ,850.05,866.85,830,844.7,830,865.6,13556,11574451.3,02-NOV-2018,679,INE211R01019,
POWERMECH,EQ,844.65,872.25,830,863.5,870,844.7,1430,1215670.5,05-NOV-2018,330,INE211R01019,
POWERMECH,EQ,869.95,933.4,869.95,912.25,903.85,863.5,5669,5086305.35,06-NOV-2018,693,INE211R01019,
POWERMECH,EQ,923.65,927,910.05,915.65,914,924,1063,974721.5,09-NOV-2018,182,INE211R01019,
POWERMECH,EQ,915.1,920,883.7,898.3,883.7,915.65,3520,3191734.5,12-NOV-2018,430,INE211R01019,
POWERMECH,EQ,890.05,935,884.65,920.8,911.1,898.3,6068,5524297.15,13-NOV-2018,426,INE211R01019,
POWERMECH,EQ,927,927,910,915.4,910.1,920.8,4857,4450423.4,14-NOV-2018,355,INE211R01019,
POWERMECH,EQ,947.8,947.8,899.8,911.5,907.5,915.4,4961,4544821.6,15-NOV-2018,806,INE211R01019,
POWERMECH,EQ,922.95,940,888,919.4,938.9,911.5,12703,11627643.2,16-NOV-2018,972,INE211R01019,
POWERMECH,EQ,933.15,946.4,908.8,928.75,920,919.4,6703,6221190.05,19-NOV-2018,508,INE211R01019,
POWERMECH,EQ,910.15,926.2,910,919.55,915.5,928.75,60728,55321221.55,20-NOV-2018,856,INE211R01019,
POWERMECH,EQ,910.05,929.95,908.45,919.55,920,919.55,3079,2830032.2,21-NOV-2018,257,INE211R01019,
POWERMECH,EQ,922,933,910,917.25,927.95,919.55,8628,7968961.6,22-NOV-2018,491,INE211R01019,
POWERMECH,EQ,919.25,935,913,917.3,915,917.25,3368,3108503.7,26-NOV-2018,363,INE211R01019,
POWERMECH,EQ,912,941.7,909.4,928.05,924.75,917.3,8303,7679212.45,27-NOV-2018,567,INE211R01019,
POWERMECH,EQ,916.1,936.4,903.6,918.2,905,928.05,7140,6579954.1,28-NOV-2018,712,INE211R01019,
POWERMECH,EQ,930.95,930.95,902,904.8,902.1,918.2,1462,1330217.1,29-NOV-2018,234,INE211R01019,
POWERMECH,EQ,907.1,924,907.1,919.7,919.95,904.8,2662,2432704.55,30-NOV-2018,275,INE211R01019,
POWERMECH,EQ,914.5,925,912,920.05,921,919.7,2364,2173456.35,03-DEC-2018,508,INE211R01019,
POWERMECH,EQ,924.85,924.95,904.05,910.25,906.1,920.05,3666,3337326.1,04-DEC-2018,247,INE211R01019,
POWERMECH,EQ,906.5,913,898.05,911.4,906.25,910.25,4891,4448768.85,05-DEC-2018,206,INE211R01019,
POWERMECH,EQ,904.4,905,888.7,900.25,899.5,911.4,4658,4190189,06-DEC-2018,247,INE211R01019,
POWERMECH,EQ,900.05,906.4,892.85,899.6,896.85,900.25,3218,2895786.55,07-DEC-2018,395,INE211R01019,
POWERMECH,EQ,872.6,895.3,872.6,875.1,872.6,899.6,1085,955595.5,10-DEC-2018,204,INE211R01019,
POWERMECH,EQ,870.05,900,838.55,892.95,899.9,875.1,8452,7321534.7,11-DEC-2018,549,INE211R01019,
POWERMECH,EQ,903.45,938.85,903,929.25,935,892.95,2684,2471463.3,12-DEC-2018,271,INE211R01019,
POWERMECH,EQ,926.6,930.35,915.05,920.25,920,929.25,526,483284.85,13-DEC-2018,78,INE211R01019,
POWERMECH,EQ,916.1,930,915.25,922,922,920.25,1276,1174840.8,14-DEC-2018,99,INE211R01019,
POWERMECH,EQ,916.35,949.95,915.3,919.6,916,922,10149,9449340.95,17-DEC-2018,908,INE211R01019,
POWERMECH,EQ,933.25,974.3,921,957.8,953.7,919.6,9723,9266531.65,18-DEC-2018,831,INE211R01019,
POWERMECH,EQ,972.1,972.15,933.5,935.65,934.2,957.8,2368,2242572.8,19-DEC-2018,279,INE211R01019,
POWERMECH,EQ,947.9,968,940,960.35,960,935.65,2627,2517673.65,20-DEC-2018,259,INE211R01019,
POWERMECH,EQ,960.35,963.65,936.05,958.2,960,960.35,2077,1973608.3,21-DEC-2018,221,INE211R01019,
POWERMECH,EQ,958.05,968.65,925.05,926.35,940,958.2,4283,3987523.1,24-DEC-2018,193,INE211R01019,
POWERMECH,EQ,926.4,965.05,921,959.8,960,926.35,1995,1897241.2,26-DEC-2018,198,INE211R01019,
POWERMECH,EQ,957.4,963.8,936.75,953.05,958,959.8,14529,13872680.6,27-DEC-2018,950,INE211R01019,
POWERMECH,EQ,951.15,962.95,951.15,959.9,960,953.05,10977,10532902.25,28-DEC-2018,1039,INE211R01019,
POWERMECH,EQ,969.9,974,947,971.6,974,959.9,6408,6202412.35,31-DEC-2018,537,INE211R01019,
POWERMECH,EQ,973,984.05,960.15,969.35,971.6,971.6,721,700553,01-JAN-2019,121,INE211R01019,
POWERMECH,EQ,965.1,969.95,948.6,959.3,967.95,969.35,551,526689.45,02-JAN-2019,95,INE211R01019,
POWERMECH,EQ,945.6,951.35,943,943.35,943.05,959.3,1775,1679981.05,03-JAN-2019,103,INE211R01019,
POWERMECH,EQ,957.4,957.4,927.2,931.45,927.2,943.35,1163,1094245.9,04-JAN-2019,111,INE211R01019,
POWERMECH,EQ,931.45,937.95,925,926.85,925,931.45,1393,1296231.45,07-JAN-2019,101,INE211R01019,
POWERMECH,EQ,925,964,925,944.45,950,926.85,1535,1429280.6,08-JAN-2019,93,INE211R01019,
POWERMECH,EQ,949,949,930,936.25,930,944.45,2148,2019066.65,09-JAN-2019,78,INE211R01019,
POWERMECH,EQ,962.3,968,925,949.55,961.95,936.25,2770,2607832.95,10-JAN-2019,292,INE211R01019,
POWERMECH,EQ,951.35,962,931,957.35,961.85,949.55,865,817582.95,11-JAN-2019,173,INE211R01019,
POWERMECH,EQ,957,968.9,931,957.05,948.65,957.35,504,479101.65,14-JAN-2019,100,INE211R01019,
POWERMECH,EQ,947,968,946.05,960.7,968,957.05,1677,1605861.85,15-JAN-2019,188,INE211R01019,
POWERMECH,EQ,945.05,957,945.05,950.25,948.25,960.7,3983,3783785.8,16-JAN-2019,116,INE211R01019,
POWERMECH,EQ,948.7,948.7,930.55,938,930.65,950.25,580,544363.9,17-JAN-2019,123,INE211R01019,
POWERMECH,EQ,940.1,944.05,887,913.7,910.05,938,13965,12570616,18-JAN-2019,918,INE211R01019,
POWERMECH,EQ,925.65,928.75,916.3,919.55,917.25,913.7,1127,1037222.6,21-JAN-2019,207,INE211R01019,
POWERMECH,EQ,910.9,910.9,886.05,891.15,886.65,919.55,1275,1141649,22-JAN-2019,169,INE211R01019,
POWERMECH,EQ,892.95,923.95,892.95,910.95,910,891.15,13517,12366537.4,23-JAN-2019,533,INE211R01019,
POWERMECH,EQ,903.7,903.7,880.05,887.05,880.25,910.95,803,719491.4,24-JAN-2019,125,INE211R01019,
POWERMECH,EQ,887.05,893.45,860.55,869.45,861.35,887.05,470,412284.35,25-JAN-2019,120,INE211R01019,
POWERMECH,EQ,870.6,870.6,795.75,834.55,829.5,869.45,4171,3481820.6,28-JAN-2019,417,INE211R01019,
POWERMECH,EQ,830.05,840,820,831.55,834.9,834.55,1525,1261672.05,29-JAN-2019,172,INE211R01019,
POWERMECH,EQ,834.2,834.2,815.85,828.7,821.2,831.55,2174,1800679.3,30-JAN-2019,114,INE211R01019,
POWERMECH,EQ,831.05,845.7,828,837.75,839.5,828.7,570,478161.65,31-JAN-2019,89,INE211R01019,
POWERMECH,EQ,824.4,840.05,823.05,826.05,823.05,837.75,2575,2142034.35,01-FEB-2019,258,INE211R01019,
POWERMECH,EQ,859.95,860,800,828.5,828.95,826.05,1568,1278092.8,04-FEB-2019,275,INE211R01019,
POWERMECH,EQ,830.6,830.6,800,805.85,819.95,828.5,1031,838652.5,05-FEB-2019,163,INE211R01019,
POWERMECH,EQ,815,815.05,790,803.8,800,805.85,2465,1977840.3,06-FEB-2019,284,INE211R01019,
POWERMECH,EQ,800.2,815.15,795.3,812.85,815,803.8,727,586293.6,07-FEB-2019,170,INE211R01019,
POWERMECH,EQ,809.7,850,799.55,847.2,840.3,812.85,2548,2130488.8,08-FEB-2019,424,INE211R01019,
POWERMECH,EQ,880,898,831,836.05,832.05,847.2,12989,11266253.7,11-FEB-2019,1432,INE211R01019,
POWERMECH,EQ,823.95,859.9,821.2,847.95,845.45,836.05,2278,1927234.65,12-FEB-2019,235,INE211R01019,
POWERMECH,EQ,846.3,861.05,841.45,846.2,842.5,847.95,905,768938.9,13-FEB-2019,117,INE211R01019,
POWERMECH,EQ,852.05,855.1,815.7,830.5,828,846.2,3220,2692875.7,14-FEB-2019,307,INE211R01019,
POWERMECH,EQ,830.05,839,805,813.4,805.75,830.5,829,677464.6,15-FEB-2019,163,INE211R01019,
POWERMECH,EQ,821.85,821.85,780.05,793.65,791,813.4,1901,1518444.5,18-FEB-2019,230,INE211R01019,
POWERMECH,EQ,791,810.05,791,802.35,801,793.65,574,460812.35,19-FEB-2019,87,INE211R01019,
POWERMECH,EQ,801.05,808.4,790,797.35,795.1,802.35,980,780178.6,20-FEB-2019,121,INE211R01019,
POWERMECH,EQ,809.25,839.05,795,825.3,817.55,797.35,3963,3196858.2,21-FEB-2019,347,INE211R01019,
POWERMECH,EQ,834.7,845,811.05,838.6,844,825.3,1382,1148837.75,22-FEB-2019,266,INE211R01019,
POWERMECH,EQ,840.65,880,830,867.45,873.5,838.6,8369,7212783.25,25-FEB-2019,472,INE211R01019,
POWERMECH,EQ,864.7,875,838.5,865.25,875,867.45,991,844555.15,26-FEB-2019,182,INE211R01019,
POWERMECH,EQ,869.75,877.05,855,855.5,855,865.25,843,729498.35,27-FEB-2019,100,INE211R01019,
POWERMECH,EQ,855.7,899,855,894.85,891.1,855.5,3070,2704782.7,28-FEB-2019,426,INE211R01019,
POWERMECH,EQ,893.9,918.1,893.9,912.25,918.1,894.85,2568,2332399.2,01-MAR-2019,249,INE211R01019,
POWERMECH,EQ,917.15,957.45,917.15,923.75,920,912.25,6403,6018583.3,05-MAR-2019,556,INE211R01019,
POWERMECH,EQ,928.7,944.5,915.3,935.05,944.5,923.75,3645,3377091.55,06-MAR-2019,271,INE211R01019,
POWERMECH,EQ,926.9,944,922,940.95,935.05,935.05,1160,1079789.3,07-MAR-2019,169,INE211R01019,
POWERMECH,EQ,949.95,957.45,923.8,938.3,935,940.95,1183,1107432.95,08-MAR-2019,154,INE211R01019,
POWERMECH,EQ,923,993.3,922.2,987.65,990,938.3,19765,19257878.6,11-MAR-2019,1835,INE211R01019,
POWERMECH,EQ,998,1021,982.25,999.1,995,987.65,10496,10453926,12-MAR-2019,1062,INE211R01019,
POWERMECH,EQ,989.6,995,966,983.65,990,999.1,2644,2588431.15,13-MAR-2019,415,INE211R01019,
POWERMECH,EQ,965.25,1002.25,965.25,997.25,999.85,983.65,3697,3657073.2,14-MAR-2019,452,INE211R01019,
POWERMECH,EQ,995.4,997,944.4,950.55,950,997.25,57707,55425362.6,15-MAR-2019,821,INE211R01019,
POWERMECH,EQ,972,985,963.6,975.75,964.15,950.55,7367,7171490.35,18-MAR-2019,698,INE211R01019,
POWERMECH,EQ,975.8,979,964.05,971.8,977,975.75,1646,1598850.25,19-MAR-2019,296,INE211R01019,
POWERMECH,EQ,985,993.05,971.8,973.6,973.9,971.8,2534,2491055.25,20-MAR-2019,292,INE211R01019,
POWERMECH,EQ,971.05,973.65,953.55,968.1,970,973.6,1895,1831110.85,22-MAR-2019,313,INE211R01019,
POWERMECH,EQ,960,965.05,941,949.45,942.2,968.1,2125,2020025.15,25-MAR-2019,206,INE211R01019,
POWERMECH,EQ,949.5,960.1,942.55,944.75,945,949.45,4479,4256807.35,26-MAR-2019,255,INE211R01019,
POWERMECH,EQ,952.9,955,922.15,930.35,925,944.75,1898,1792779.35,27-MAR-2019,405,INE211R01019,
POWERMECH,EQ,925.65,945.35,920,925.2,920,930.35,1923,1789605.15,28-MAR-2019,285,INE211R01019,
POWERMECH,EQ,922.05,946.35,922.05,931.7,924.65,925.2,3154,2943174.75,29-MAR-2019,494,INE211R01019,
POWERMECH,EQ,941.85,944.95,923.25,933.2,930,931.7,2823,2644846.15,01-APR-2019,330,INE211R01019,
POWERMECH,EQ,925.05,978,925,955.5,959.9,933.2,2457,2351999.35,02-APR-2019,450,INE211R01019,
POWERMECH,EQ,955.05,993,955,973.4,986.95,955.5,4360,4237106.7,03-APR-2019,424,INE211R01019,
POWERMECH,EQ,960.05,982,954,956.4,954,973.4,2465,2377312.8,04-APR-2019,236,INE211R01019,
POWERMECH,EQ,950.15,964.95,921,939.45,930,956.4,2654,2513959.15,05-APR-2019,392,INE211R01019,
POWERMECH,EQ,945.05,970,944.85,960.5,966.4,939.45,1739,1667587.9,08-APR-2019,231,INE211R01019,
POWERMECH,EQ,945.6,964.8,932.25,947.3,948,960.5,2240,2117238.2,09-APR-2019,279,INE211R01019,
POWERMECH,EQ,947.95,954.85,933.6,936.15,945,947.3,1117,1053323.25,10-APR-2019,146,INE211R01019,
POWERMECH,EQ,944.9,955,936.95,943.8,953.9,936.15,913,859575.6,11-APR-2019,112,INE211R01019,
POWERMECH,EQ,940.1,955,940.1,945.9,946.5,943.8,520,491524.7,12-APR-2019,65,INE211R01019,
POWERMECH,EQ,933,966.2,933,958.4,960.25,945.9,1171,1123857.35,15-APR-2019,166,INE211R01019,
POWERMECH,EQ,961.05,972,951.5,961.2,964,958.4,1622,1560434.1,16-APR-2019,139,INE211R01019,
POWERMECH,EQ,951.5,961,938.2,941.7,944,961.2,2959,2835060.35,18-APR-2019,148,INE211R01019,
POWERMECH,EQ,954.95,954.95,911.6,914.45,929.95,941.7,3157,2924695.8,22-APR-2019,275,INE211R01019,
POWERMECH,EQ,927.45,933,913,915.85,919.8,914.45,909,840306.05,23-APR-2019,112,INE211R01019,
POWERMECH,EQ,929.55,932.35,912,923.15,924,915.85,688,633053.1,24-APR-2019,130,INE211R01019,
POWERMECH,EQ,915,932,905,913.4,909,923.15,1778,1633949.2,25-APR-2019,236,INE211R01019,
POWERMECH,EQ,923.9,924.8,909,909.1,909,913.4,487,444279.95,26-APR-2019,59,INE211R01019,
POWERMECH,EQ,908,915.95,888,894,888,909.1,1016,912516.55,30-APR-2019,159,INE211R01019,
POWERMECH,EQ,898.05,905.05,890,891.05,890,894,1159,1035585.25,02-MAY-2019,128,INE211R01019,
POWERMECH,EQ,894.8,904.4,885,897.55,901.95,891.05,1542,1383927.15,03-MAY-2019,172,INE211R01019,
POWERMECH,EQ,897.55,901.45,878.95,894.45,891.2,897.55,1058,944103.55,06-MAY-2019,162,INE211R01019,
POWERMECH,EQ,890.3,902,881.2,881.85,881.2,894.45,590,526937.25,07-MAY-2019,74,INE211R01019,
POWERMECH,EQ,885.6,890.15,875,879.8,875,881.85,1606,1418168.35,08-MAY-2019,123,INE211R01019,
POWERMECH,EQ,880.2,880.2,851.35,859.55,859,879.8,3935,3393878.2,09-MAY-2019,333,INE211R01019,
POWERMECH,EQ,865,872.4,860,860.95,860,859.55,1826,1580831.15,10-MAY-2019,169,INE211R01019,
POWERMECH,EQ,863.6,871.15,853.5,864.15,864.6,860.95,2075,1790833.5,13-MAY-2019,123,INE211R01019,
POWERMECH,EQ,860.3,890,858.65,879.55,885,864.15,1704,1473649.15,14-MAY-2019,186,INE211R01019,
POWERMECH,EQ,870.95,924,870.95,887.9,895,879.55,7761,7006646,15-MAY-2019,950,INE211R01019,
POWERMECH,EQ,886.75,898.05,885,892.85,885,887.9,555,492588.15,16-MAY-2019,69,INE211R01019,
POWERMECH,EQ,892.9,924,885,899.3,885,892.85,8885,8011298.05,17-MAY-2019,1273,INE211R01019,
POWERMECH,EQ,918,978.6,910.85,939.8,923.2,899.3,15526,14548257.65,20-MAY-2019,925,INE211R01019,
POWERMECH,EQ,940.9,980,929.1,950.5,949,939.8,19786,18863462.6,21-MAY-2019,2029,INE211R01019,
POWERMECH,EQ,955,980,950,965.85,957,950.5,15311,14797231.4,22-MAY-2019,1148,INE211R01019,
POWERMECH,EQ,971.2,1024.4,969.85,1007.25,999.7,965.85,49643,49174382.1,23-MAY-2019,4227,INE211R01019,
POWERMECH,EQ,1010,1049,991,1040.75,1046,1007.25,34831,35510368,24-MAY-2019,1550,INE211R01019,
POWERMECH,EQ,1050,1094.7,1026.3,1084.25,1081,1040.75,32654,34856026.45,27-MAY-2019,2189,INE211R01019,
POWERMECH,EQ,1083,1085.9,1042.05,1069.45,1056,1084.25,11344,12066988.9,28-MAY-2019,798,INE211R01019,
POWERMECH,EQ,1065.05,1175,1048.1,1070.8,1069.95,1069.45,24383,26638861.9,29-MAY-2019,1568,INE211R01019,
POWERMECH,EQ,1074,1106,1060.25,1084.3,1082,1070.8,10211,11115187.95,30-MAY-2019,993,INE211R01019,
POWERMECH,EQ,1094.7,1100,1040,1049.45,1046.1,1084.3,12580,13384389.35,31-MAY-2019,1052,INE211R01019,
POWERMECH,EQ,1054.05,1073.75,1015.5,1023.8,1021,1049.45,15023,15430484.7,03-JUN-2019,1040,INE211R01019,
POWERMECH,EQ,1029.95,1030,995,1002,998,1023.8,15771,15994227.6,04-JUN-2019,554,INE211R01019,
POWERMECH,EQ,991.6,1007.4,963.55,976.75,975,1002,18787,18388655,06-JUN-2019,1283,INE211R01019,
POWERMECH,EQ,993.5,1005.05,975,989.8,983.05,976.75,26817,26554740.95,07-JUN-2019,1062,INE211R01019,
POWERMECH,EQ,990,991.9,975.8,979.1,979.95,989.8,10504,10327064.3,10-JUN-2019,884,INE211R01019,
POWERMECH,EQ,980.35,998,959.65,969.55,969,979.1,12631,12271490,11-JUN-2019,759,INE211R01019,
POWERMECH,EQ,979.9,979.95,945.15,954.1,946.85,969.55,11204,10804417.15,12-JUN-2019,876,INE211R01019,
POWERMECH,EQ,956.2,980,956,969.55,970.5,954.1,8518,8251046.95,13-JUN-2019,740,INE211R01019,
POWERMECH,EQ,970,981.05,950.2,961.05,969,969.55,10462,10151700.4,14-JUN-2019,380,INE211R01019,
POWERMECH,EQ,960.2,979.95,935,944.2,935.6,961.05,11196,10688251.7,17-JUN-2019,838,INE211R01019,
POWERMECH,EQ,954.85,965.95,939.55,947.8,949,944.2,11603,11010065.85,18-JUN-2019,825,INE211R01019,
POWERMECH,EQ,945.05,953.9,925,931.3,925.1,947.8,7611,7192568.25,19-JUN-2019,621,INE211R01019,
POWERMECH,EQ,934.05,942,920.55,929.05,925,931.3,11659,10842806.6,20-JUN-2019,584,INE211R01019,
POWERMECH,EQ,930.2,975.9,930.2,948.75,950,929.05,10220,9743218.15,21-JUN-2019,852,INE211R01019,
POWERMECH,EQ,949.05,975.8,949.05,968.45,966.05,948.75,11149,10785102.6,24-JUN-2019,961,INE211R01019,
POWERMECH,EQ,995,995,951,964.65,955,968.45,12603,12250940.65,25-JUN-2019,673,INE211R01019,
POWERMECH,EQ,977.1,1000.9,970.55,998.8,999,964.65,25424,25064194.15,26-JUN-2019,3845,INE211R01019,
POWERMECH,EQ,1000.3,1020,991.2,999,991.25,998.8,14376,14516215.55,27-JUN-2019,1005,INE211R01019,
POWERMECH,EQ,1011.55,1011.6,991.1,996.4,999.8,999,10573,10545083,28-JUN-2019,256,INE211R01019,
POWERMECH,EQ,1000,1020,997,998.05,998,996.4,11852,11859158.45,01-JUL-2019,420,INE211R01019,
POWERMECH,EQ,1000.05,1039.7,985,993.85,985,998.05,24525,24720583.05,02-JUL-2019,1961,INE211R01019,
POWERMECH,EQ,1001.8,1010,981,985.7,987,993.85,11773,11740750.85,03-JUL-2019,667,INE211R01019,
POWERMECH,EQ,986,1015,985,1007.5,1006,985.7,12363,12349701.15,04-JUL-2019,700,INE211R01019,
POWERMECH,EQ,1005.95,1008,971.35,990.25,988,1007.5,10666,10624565.95,05-JUL-2019,439,INE211R01019,
POWERMECH,EQ,1000.25,1000.25,938.45,945.5,945,990.25,8271,7955199.65,08-JUL-2019,609,INE211R01019,
POWERMECH,EQ,951.05,994.4,949,980,989,945.5,10817,10479571.8,09-JUL-2019,558,INE211R01019,
POWERMECH,EQ,983.95,984,936.1,941.15,942,980,10757,10269726.05,10-JUL-2019,525,INE211R01019,
POWERMECH,EQ,959.95,968,930,935.4,931.15,941.15,11007,10367761.8,11-JUL-2019,625,INE211R01019,
POWERMECH,EQ,941,948.15,929,938.6,938.95,935.4,11122,10446584.35,12-JUL-2019,494,INE211R01019,
POWERMECH,EQ,936.05,936.15,912,917.1,917.6,938.6,10487,9678303.45,15-JUL-2019,354,INE211R01019,
POWERMECH,EQ,918.35,939,911.4,921.55,925,917.1,11055,10217405.8,16-JUL-2019,317,INE211R01019,
POWERMECH,EQ,950.95,961.1,916.2,934.05,928,921.55,22632,21191993.7,17-JUL-2019,786,INE211R01019,
POWERMECH,EQ,941.5,947,925.2,926.25,925.2,934.05,10219,9570171.15,18-JUL-2019,538,INE211R01019,
POWERMECH,EQ,930,945.3,877.85,902,915,926.25,10727,9814453.05,19-JUL-2019,816,INE211R01019,
POWERMECH,EQ,910.3,920,875,899.95,919,902,13127,11783634.5,22-JUL-2019,807,INE211R01019,
POWERMECH,EQ,909.95,942.1,905.35,934.65,939,899.95,15540,14320533.7,23-JUL-2019,843,INE211R01019,
POWERMECH,EQ,940.05,955.1,916,933.7,916,934.65,11480,10724031.8,24-JUL-2019,526,INE211R01019,
POWERMECH,EQ,932,940,904,914.35,908,933.7,10553,9729845.3,25-JUL-2019,446,INE211R01019,
POWERMECH,EQ,921.05,940,908,928.3,938.25,914.35,13764,12689833.25,26-JUL-2019,346,INE211R01019,
POWERMECH,EQ,931.9,940,858,871.25,860.2,928.3,16631,14772300.3,29-JUL-2019,1787,INE211R01019,
POWERMECH,EQ,882,916.6,854.75,895.2,900,871.25,27405,24110405.85,30-JUL-2019,1345,INE211R01019,
POWERMECH,EQ,895.2,959,887.75,943.1,945,895.2,43643,40793503.35,31-JUL-2019,2970,INE211R01019,
POWERMECH,EQ,940,958,905.5,936.85,935,943.1,22130,20751426.2,01-AUG-2019,1417,INE211R01019,
POWERMECH,EQ,941.9,949,918.05,924.95,927,936.85,11192,10421436.75,02-AUG-2019,1283,INE211R01019,
POWERMECH,EQ,924.2,924.2,853.35,885.85,885.15,924.95,17004,15075100.95,05-AUG-2019,1066,INE211R01019,
POWERMECH,EQ,890,919,865,876,868,885.85,10098,9090240.95,06-AUG-2019,673,INE211R01019,
POWERMECH,EQ,889.35,889.35,831.35,843.4,832,876,11503,9931241.25,07-AUG-2019,803,INE211R01019,
POWERMECH,EQ,845,853.95,776,819.4,830,843.4,26606,21594748.4,08-AUG-2019,2910,INE211R01019,
POWERMECH,EQ,834.95,936.95,796.05,861.1,878,819.4,40797,35119689.2,09-AUG-2019,4069,INE211R01019,
POWERMECH,EQ,870.1,870.1,809.4,821.05,814,861.1,11011,9088418.35,13-AUG-2019,1358,INE211R01019,
POWERMECH,EQ,828.1,830,805,807.2,805,821.05,10509,8590381.4,14-AUG-2019,381,INE211R01019,
POWERMECH,EQ,815,823.3,783,789,798,807.2,10998,8880885.95,16-AUG-2019,715,INE211R01019,
POWERMECH,EQ,789,808.95,789,796.75,793,789,9631,7738979.35,19-AUG-2019,480,INE211R01019,
POWERMECH,EQ,809.2,809.2,756.05,771.5,770.5,796.75,22865,17647509.9,20-AUG-2019,1149,INE211R01019,
POWERMECH,EQ,757.6,771.05,704,714.45,719.7,771.5,58461,43291984.3,21-AUG-2019,1226,INE211R01019,
POWERMECH,EQ,701,713.15,655,685.05,690,714.45,23888,16390263.65,22-AUG-2019,1264,INE211R01019,
POWERMECH,EQ,675,709.9,666.1,693.3,681,685.05,11575,7830533.45,23-AUG-2019,786,INE211R01019,
POWERMECH,EQ,731,731,693,704.35,705,693.3,11125,7848748.9,26-AUG-2019,718,INE211R01019,
POWERMECH,EQ,730,749.8,723.65,736.55,749.8,704.35,13238,9694563.4,27-AUG-2019,733,INE211R01019,
POWERMECH,EQ,731,750,711,714.15,711.05,736.55,8242,6042425.25,28-AUG-2019,368,INE211R01019,
POWERMECH,EQ,705,714.95,688.55,695.45,699,714.15,8062,5642315.3,29-AUG-2019,375,INE211R01019,
POWERMECH,EQ,688,703.75,666.05,677.35,673.05,695.45,11183,7717605.1,30-AUG-2019,608,INE211R01019,
POWERMECH,EQ,673,675.7,635.85,650.05,660,677.35,11356,7555692.3,03-SEP-2019,536,INE211R01019,
POWERMECH,EQ,639.05,656.75,628.3,639.2,634.35,650.05,11493,7412084.05,04-SEP-2019,405,INE211R01019,
POWERMECH,EQ,639,660,639,653.15,654,639.2,10487,6802875.4,05-SEP-2019,324,INE211R01019,
POWERMECH,EQ,670.05,670.05,648.1,650.45,650,653.15,10995,7193797.15,06-SEP-2019,215,INE211R01019,
POWERMECH,EQ,650,660,635,636.4,635.2,650.45,14432,9330530.8,09-SEP-2019,979,INE211R01019,
POWERMECH,EQ,644.95,730,644.95,720.35,711.2,636.4,33307,23202377.9,11-SEP-2019,3290,INE211R01019,
POWERMECH,EQ,738,758,690.6,693.9,699,720.35,21279,15572691.25,12-SEP-2019,1444,INE211R01019,
POWERMECH,EQ,699,735,699,726.15,727.8,693.9,12452,8890304.8,13-SEP-2019,1332,INE211R01019,
POWERMECH,EQ,726.15,739.95,700.1,704.7,705,726.15,10915,7801420.45,16-SEP-2019,543,INE211R01019,
POWERMECH,EQ,700.4,719.95,687,691.5,688.15,704.7,8571,6048324.4,17-SEP-2019,611,INE211R01019,
POWERMECH,EQ,711.95,711.95,672.05,677.35,673.1,691.5,8550,5911238.9,18-SEP-2019,425,INE211R01019,
POWERMECH,EQ,688.9,688.9,659.25,670.05,665.6,677.35,9003,6040552.4,19-SEP-2019,605,INE211R01019,
POWERMECH,EQ,684.95,773,670.25,732.2,732.25,670.05,26899,19523616.55,20-SEP-2019,2570,INE211R01019,
POWERMECH,EQ,735,799,727,740,740,732.2,20027,15255427.1,23-SEP-2019,1930,INE211R01019,
POWERMECH,EQ,759.8,785,724.8,773.6,778.25,740,22510,16918118.35,24-SEP-2019,1420,INE211R01019,
POWERMECH,EQ,789.9,789.95,746,752.75,760,773.6,8484,6534051.2,25-SEP-2019,637,INE211R01019,
POWERMECH,EQ,767.95,775,735.45,749.05,742,752.75,25646,19534484.95,26-SEP-2019,3332,INE211R01019,
POWERMECH,EQ,760.05,760.05,717.55,731.9,725.25,749.05,11306,8420143.4,27-SEP-2019,1017,INE211R01019,
POWERMECH,EQ,738.95,738.95,701.4,717.9,719,731.9,10137,7276309.6,30-SEP-2019,664,INE211R01019,
POWERMECH,EQ,719.95,720,698,705.15,702.25,717.9,13299,9425092.6,01-OCT-2019,877,INE211R01019,
POWERMECH,EQ,717.95,724.5,680,700.8,700,705.15,12385,8710150.65,03-OCT-2019,1273,INE211R01019,
POWERMECH,EQ,720.85,738,683.8,690.6,697,700.8,10545,7404604.9,04-OCT-2019,560,INE211R01019,
POWERMECH,EQ,710.6,711,651.1,661.75,656.4,690.6,17561,11775450.55,07-OCT-2019,1753,INE211R01019,
POWERMECH,EQ,660,687.95,625,673.25,675,661.75,23810,15486128.65,09-OCT-2019,2662,INE211R01019,
POWERMECH,EQ,680,705.1,656.25,663.45,662,673.25,10884,7267466.85,10-OCT-2019,624,INE211R01019,
POWERMECH,EQ,681.05,699.9,660,679.95,676.45,663.45,13989,9479494.95,11-OCT-2019,1149,INE211R01019,
POWERMECH,EQ,698.95,698.95,662.05,665.1,663.45,679.95,10312,6964288.55,14-OCT-2019,460,INE211R01019,
POWERMECH,EQ,686.7,686.7,662.2,669.9,667,665.1,14212,9514681.4,15-OCT-2019,671,INE211R01019,
POWERMECH,EQ,684.95,748.1,676.25,693.05,690,669.9,27236,19311625.75,16-OCT-2019,3924,INE211R01019,
POWERMECH,EQ,691,695,676.7,682.9,678,693.05,10571,7245685,17-OCT-2019,625,INE211R01019,
POWERMECH,EQ,672.6,719.65,668.95,700.15,703.15,682.9,27383,18953143.55,18-OCT-2019,4543,INE211R01019,
POWERMECH,EQ,710.05,744.9,690.05,723.55,720,700.15,18699,13570594.55,22-OCT-2019,5498,INE211R01019,
POWERMECH,EQ,728,729.35,686.05,690.75,690,723.55,11276,8000204.7,23-OCT-2019,1238,INE211R01019,
POWERMECH,EQ,704.9,710.9,694.5,702.25,700.4,690.75,7960,5588849.45,24-OCT-2019,677,INE211R01019,
POWERMECH,EQ,704.6,716.95,682.2,686.95,685,702.25,9083,6362927.5,25-OCT-2019,624,INE211R01019,
POWERMECH,EQ,706,729.85,690.9,710.1,704.8,704.45,17780,12626525.2,29-OCT-2019,1280,INE211R01019,
POWERMECH,EQ,714.05,744.95,705.55,712.8,712,710.1,10210,7303427,30-OCT-2019,650,INE211R01019,
POWERMECH,EQ,721.1,729,694.05,709.8,706.1,712.8,9258,6604795.5,31-OCT-2019,811,INE211R01019,
POWERMECH,EQ,695.85,723.7,690,694.3,690.2,709.8,4535,3194086.1,01-NOV-2019,573,INE211R01019,
POWERMECH,EQ,708.7,715,695.2,702,700,694.3,3621,2547541.65,04-NOV-2019,379,INE211R01019,
POWERMECH,EQ,710.05,710.05,675,676.1,675.1,702,3620,2481355.3,05-NOV-2019,690,INE211R01019,
POWERMECH,EQ,696.85,696.9,663,664.5,665,676.1,3451,2309813.8,06-NOV-2019,377,INE211R01019,
POWERMECH,EQ,689.95,709,665.05,694.25,691.5,664.5,17495,11989488.45,07-NOV-2019,1174,INE211R01019,
POWERMECH,EQ,697,720,683.6,702.05,704,694.25,15947,11186471.2,08-NOV-2019,1430,INE211R01019,
POWERMECH,EQ,704.9,714,683.5,701.3,713.7,702.05,12329,8547005.45,11-NOV-2019,522,INE211R01019,
POWERMECH,EQ,708.7,710.95,685,686.9,686.05,701.3,4221,2939219.75,13-NOV-2019,525,INE211R01019,
POWERMECH,EQ,687,710,672.2,676.15,672.4,686.9,8495,5830517.05,14-NOV-2019,898,INE211R01019,
POWERMECH,EQ,677,690.5,663,667.9,663.05,676.15,2491,1686488.75,15-NOV-2019,350,INE211R01019,
POWERMECH,EQ,668,684.9,636.05,653.05,664,667.9,13599,8897717.05,18-NOV-2019,1882,INE211R01019,
POWERMECH,EQ,654,679.85,640,649.4,649,653.05,9876,6402776.3,19-NOV-2019,679,INE211R01019,
POWERMECH,EQ,649.95,659.15,639,645.1,645,649.4,3550,2297413.8,20-NOV-2019,644,INE211R01019,
POWERMECH,EQ,646,658.6,625.5,636.55,626,645.1,10959,7015790.95,21-NOV-2019,1067,INE211R01019,
POWERMECH,EQ,637,640,624.1,626.8,624.25,636.55,3938,2477999.2,22-NOV-2019,419,INE211R01019,
POWERMECH,EQ,630.25,638.25,606.95,633.1,631.4,626.8,5308,3310070.8,25-NOV-2019,679,INE211R01019,
POWERMECH,EQ,631,641.7,617,620.3,617,633.1,7774,4874024.3,26-NOV-2019,540,INE211R01019,
POWERMECH,EQ,625,647.95,610,621.6,620,620.3,3600,2233493.9,27-NOV-2019,268,INE211R01019,
POWERMECH,EQ,615.15,630,610,611.7,610,621.6,16660,10340597.05,28-NOV-2019,282,INE211R01019,
POWERMECH,EQ,615.3,623.95,602,614.35,613,611.7,28169,17278505.6,29-NOV-2019,450,INE211R01019,
POWERMECH,EQ,615.15,635,613.7,626.15,629.9,614.35,27151,16860281.8,02-DEC-2019,608,INE211R01019,
POWERMECH,EQ,641.55,641.55,600.15,604.85,604.15,626.15,22242,13882698.75,03-DEC-2019,930,INE211R01019,
POWERMECH,EQ,601.1,608.75,596,602.85,606.9,604.85,10457,6309304.95,04-DEC-2019,328,INE211R01019,
POWERMECH,EQ,610,630,601.5,605.9,605.8,602.85,17056,10495071.9,05-DEC-2019,958,INE211R01019,
POWERMECH,EQ,609.8,620,593.6,603.6,608.95,605.9,24329,14834287.85,06-DEC-2019,792,INE211R01019,
POWERMECH,EQ,610.05,626.65,591.1,595.4,594.9,603.6,11630,7092153.6,09-DEC-2019,919,INE211R01019,
POWERMECH,EQ,602.1,604.5,572,578.3,586,595.4,2594,1519512.15,10-DEC-2019,508,INE211R01019,
POWERMECH,EQ,584.55,588.1,562,567.65,573.5,578.3,8872,5072941.5,11-DEC-2019,399,INE211R01019,
POWERMECH,EQ,573.05,615,569.95,581.3,602.8,567.65,7702,4466190.15,12-DEC-2019,511,INE211R01019,
POWERMECH,EQ,590.6,617.95,590.6,608.75,605.9,581.3,6511,3950361.65,13-DEC-2019,674,INE211R01019,
POWERMECH,EQ,620.6,645,614.8,623.3,620,608.75,27575,17345099.55,16-DEC-2019,3505,INE211R01019,
POWERMECH,EQ,625,637,610.1,621.35,617.05,623.3,29238,18134783.05,17-DEC-2019,793,INE211R01019,
POWERMECH,EQ,627.2,627.45,605,611.2,615,621.35,18776,11508139.6,18-DEC-2019,662,INE211R01019,
POWERMECH,EQ,624.75,624.75,597.05,603.85,603.05,611.2,15665,9489960.95,19-DEC-2019,558,INE211R01019,
POWERMECH,EQ,606.95,612.95,592.55,599.9,601.95,603.85,3391,2040374.35,20-DEC-2019,598,INE211R01019,
POWERMECH,EQ,614.75,614.75,595.75,598.4,600.3,599.9,7714,4642506.45,23-DEC-2019,747,INE211R01019,
POWERMECH,EQ,612.95,624.95,598.05,605.4,608.95,598.4,32245,19605683.6,24-DEC-2019,1591,INE211R01019,
POWERMECH,EQ,617,617,601.15,603.9,602,605.4,21999,13316764.95,26-DEC-2019,735,INE211R01019,
POWERMECH,EQ,595,612.5,595,608.6,611.5,603.9,18665,11266708.1,27-DEC-2019,576,INE211R01019,
POWERMECH,EQ,616.95,616.95,603.4,608.85,607,608.6,17762,10787622.7,30-DEC-2019,1196,INE211R01019,
POWERMECH,EQ,616.95,616.95,595,603.85,600,608.85,29908,18117983.6,31-DEC-2019,707,INE211R01019,
POWERMECH,EQ,609.95,615.95,586,593.5,596.8,603.85,14592,8787413.15,01-JAN-2020,988,INE211R01019,
POWERMECH,EQ,610.65,634.15,600,622.85,621.25,593.5,10156,6282530.6,02-JAN-2020,905,INE211R01019,
POWERMECH,EQ,623,648,623,633.65,633.05,622.85,12288,7832532.9,03-JAN-2020,1881,INE211R01019,
POWERMECH,EQ,645,645,615,630.35,627.05,633.65,18471,11564403.4,06-JAN-2020,1203,INE211R01019,
POWERMECH,EQ,644.85,655,616.55,621.95,625,630.35,15803,9891271,07-JAN-2020,714,INE211R01019,
POWERMECH,EQ,621.95,633.05,608,614.95,612.9,621.95,21306,13145560.35,08-JAN-2020,798,INE211R01019,
POWERMECH,EQ,629.85,629.85,614.55,625.3,624.95,614.95,9859,6125954.85,09-JAN-2020,754,INE211R01019,
POWERMECH,EQ,627.95,649.95,618.4,621,624,625.3,21796,13813213.05,10-JAN-2020,1137,INE211R01019,
POWERMECH,EQ,621,655.25,620,647.5,646.55,621,32004,20587457.1,13-JAN-2020,1503,INE211R01019,
POWERMECH,EQ,645.65,655,631.2,635.8,642,647.5,14024,9003729.4,14-JAN-2020,1402,INE211R01019,
POWERMECH,EQ,635.8,672.9,631.2,668.5,667.55,635.8,41068,26781664.6,15-JAN-2020,2230,INE211R01019,
POWERMECH,EQ,679.95,679.95,665.8,672.45,670,668.5,16829,11327465.55,16-JAN-2020,1297,INE211R01019,
POWERMECH,EQ,684.8,684.8,659,663.55,670,672.45,19391,12922197.3,17-JAN-2020,536,INE211R01019,
POWERMECH,EQ,682.95,720.5,674.4,709.35,704.85,663.55,26286,18337249.05,20-JAN-2020,3529,INE211R01019,
POWERMECH,EQ,718.9,726.8,692.1,716.8,716,709.35,29294,20953370.1,21-JAN-2020,3124,INE211R01019,
POWERMECH,EQ,720,747.8,719.95,726.05,723,716.8,40295,29473638.5,22-JAN-2020,3450,INE211R01019,
POWERMECH,EQ,739.85,755,713.3,730.55,734,726.05,28222,20563917.5,23-JAN-2020,2497,INE211R01019,
POWERMECH,EQ,738.6,769,716.55,731.6,728,730.55,29805,22093766.75,24-JAN-2020,2407,INE211R01019,
POWERMECH,EQ,725,731.6,692.65,713.3,705,731.6,14287,10241689.5,27-JAN-2020,990,INE211R01019,
POWERMECH,EQ,717.9,738.85,701.3,729.05,731,713.3,26538,19253547.4,28-JAN-2020,3592,INE211R01019,
POWERMECH,EQ,738.75,760,729.95,749.7,760,729.05,29932,22199760.2,29-JAN-2020,3018,INE211R01019,
POWERMECH,EQ,762,768.65,745,760.85,754.15,749.7,24473,18575596.05,30-JAN-2020,3285,INE211R01019,
POWERMECH,EQ,765,770,731.15,738.15,736,760.85,23151,17324044.95,31-JAN-2020,1184,INE211R01019,
POWERMECH,EQ,739,739.85,715.1,723.8,726,728.6,21261,15535000.35,03-FEB-2020,1662,INE211R01019,
POWERMECH,EQ,723.8,764.05,723.8,750.85,756.95,723.8,19602,14597703.9,04-FEB-2020,1535,INE211R01019,
POWERMECH,EQ,764.5,778.85,742.3,750.8,750,750.85,18106,13805677.65,05-FEB-2020,1533,INE211R01019,
POWERMECH,EQ,769.95,770.7,726.6,745.8,734.95,750.8,25062,18829989.85,06-FEB-2020,688,INE211R01019,
POWERMECH,EQ,756,768,729.3,756.6,755,745.8,20679,15417313.55,07-FEB-2020,1638,INE211R01019,
POWERMECH,EQ,767.95,800,747.05,782.15,775,756.6,49319,38023268.05,10-FEB-2020,2173,INE211R01019,
POWERMECH,EQ,782.15,799.8,730.5,751.45,740.15,782.15,29319,22573414.2,11-FEB-2020,4690,INE211R01019,
POWERMECH,EQ,735.1,759,727.25,744.45,753,751.45,19520,14511974.15,12-FEB-2020,1825,INE211R01019,
POWERMECH,EQ,758.95,758.95,735,741.85,736.2,744.45,15922,11881714.45,13-FEB-2020,2050,INE211R01019,
POWERMECH,EQ,757.65,757.65,712.65,734.05,744.8,741.85,20673,15267244.9,14-FEB-2020,1279,INE211R01019,
POWERMECH,EQ,734,749,725.05,742.6,742,734.05,17541,13036369.45,17-FEB-2020,729,INE211R01019,
POWERMECH,EQ,744.95,745,711.1,729.15,743.85,742.6,19185,14105220.55,18-FEB-2020,2959,INE211R01019,
POWERMECH,EQ,750.9,750.9,722.05,740.1,741.5,729.15,14203,10520693.8,19-FEB-2020,1137,INE211R01019,
POWERMECH,EQ,740,749.6,714.1,731.2,743.95,740.1,20587,15240558,20-FEB-2020,2093,INE211R01019,
POWERMECH,EQ,732,753.05,726.55,734.2,729.3,731.2,12948,9573067.8,24-FEB-2020,751,INE211R01019,
POWERMECH,EQ,741.9,741.95,712.1,721.15,718,734.2,25684,18755726,25-FEB-2020,1442,INE211R01019,
POWERMECH,EQ,731.7,731.7,702.05,708.95,709.95,721.15,32295,22903844.3,26-FEB-2020,2211,INE211R01019,
POWERMECH,EQ,719.95,719.95,692.65,710.75,710.95,708.95,19316,13687441.7,27-FEB-2020,1960,INE211R01019,
POWERMECH,EQ,700.1,714.85,686,705.2,705.95,710.75,42089,29852170.55,28-FEB-2020,1938,INE211R01019,
POWERMECH,EQ,705,714.95,671.25,684.55,683.8,705.2,48544,33912030.1,02-MAR-2020,2178,INE211R01019,
POWERMECH,EQ,679,698.9,643.5,661.5,679.45,684.55,21894,14677586.95,03-MAR-2020,2509,INE211R01019,
POWERMECH,EQ,681,681,616.7,630.35,627.7,661.5,42985,27247816.45,04-MAR-2020,1688,INE211R01019,
POWERMECH,EQ,646,646,606.65,618.25,608.05,630.35,30925,19526539.95,05-MAR-2020,1439,INE211R01019,
POWERMECH,EQ,588,613.15,576.8,610.5,613.15,618.25,40236,24213022.3,06-MAR-2020,1729,INE211R01019,
POWERMECH,EQ,610.5,610.5,556.8,578.5,570,610.5,35268,20668572.7,09-MAR-2020,2606,INE211R01019,
POWERMECH,EQ,584.85,603.35,568.05,577.1,575.85,578.5,39476,22874134.75,11-MAR-2020,2040,INE211R01019,
POWERMECH,EQ,579.8,611.7,513.05,536.7,534,577.1,31284,17063869.4,12-MAR-2020,3449,INE211R01019,
POWERMECH,EQ,532,564.95,429.55,526.95,549.95,536.7,26055,13166549,13-MAR-2020,2767,INE211R01019,
POWERMECH,EQ,482.1,547.8,470,482.05,470,526.95,43802,21778447.15,16-MAR-2020,2215,INE211R01019,
POWERMECH,EQ,502,502,451.1,465.35,460,482.05,40345,19404342.75,17-MAR-2020,2259,INE211R01019,
POWERMECH,EQ,485.85,485.85,420,426.45,438.95,465.35,31041,13823239,18-MAR-2020,2951,INE211R01019,
POWERMECH,EQ,429.85,429.85,345.35,357.55,355,426.45,86258,30967011.15,19-MAR-2020,4310,INE211R01019,
POWERMECH,EQ,345.5,389.45,345.5,376.7,377,357.55,34567,12991262.9,20-MAR-2020,1471,INE211R01019,
POWERMECH,EQ,375,375,339.05,339.9,350,376.7,10006,3502066.95,23-MAR-2020,1654,INE211R01019,
POWERMECH,EQ,359,359.9,306,316.15,329.8,339.9,3468,1160748.45,24-MAR-2020,551,INE211R01019,
POWERMECH,EQ,347.75,347.75,320,328.5,324.25,316.15,3496,1145162.8,25-MAR-2020,567,INE211R01019,
POWERMECH,EQ,350,361.35,339.35,359.95,358.1,328.5,9214,3306991.25,26-MAR-2020,326,INE211R01019,
POWERMECH,EQ,393.95,395,325.05,335.7,340,359.95,25681,9320575,27-MAR-2020,982,INE211R01019,
POWERMECH,EQ,340,350,325.15,328.7,339,335.7,6136,2075825,30-MAR-2020,1141,INE211R01019,
POWERMECH,EQ,348,348,316,323.75,317.1,328.7,17065,5734969.45,31-MAR-2020,1158,INE211R01019,
POWERMECH,EQ,334.9,356.1,325.1,335.6,330,323.75,13120,4456900.9,01-APR-2020,1185,INE211R01019,
POWERMECH,EQ,339.6,350,327,330.2,327,335.6,7414,2488087.3,03-APR-2020,439,INE211R01019,
POWERMECH,EQ,338,359.9,324.1,327.4,329.8,330.2,8164,2709334.3,07-APR-2020,720,INE211R01019,
POWERMECH,EQ,337.4,344,329.85,333.5,333,327.4,7778,2604119.05,08-APR-2020,516,INE211R01019,
POWERMECH,EQ,339.95,359,333.5,336.6,342.45,333.5,44029,15154922.1,09-APR-2020,3058,INE211R01019,
POWERMECH,EQ,344.95,345,311.65,320.65,312.05,336.6,40680,13305490.55,13-APR-2020,1546,INE211R01019,
POWERMECH,EQ,333,342.2,321.1,336.45,340,320.65,12731,4255739.15,15-APR-2020,1021,INE211R01019,
POWERMECH,EQ,336.45,378.35,330,371.35,374,336.45,20813,7565955.75,16-APR-2020,1556,INE211R01019,
POWERMECH,EQ,409,435,391,422.95,410.25,371.35,32629,13461883.4,17-APR-2020,1969,INE211R01019,
POWERMECH,EQ,419.85,426.9,395,398.35,400,422.95,18867,7625521.15,20-APR-2020,1361,INE211R01019,
POWERMECH,EQ,398.3,398.3,356.5,375.95,375,398.35,24398,9146561.65,21-APR-2020,1375,INE211R01019,
POWERMECH,EQ,374.95,379.95,352.1,368.9,367,375.95,19533,7165896.65,22-APR-2020,1129,INE211R01019,
POWERMECH,EQ,379.9,423,368.55,401.35,397.05,368.9,43250,17462847.2,23-APR-2020,1634,INE211R01019,
POWERMECH,EQ,387.2,408.25,376.3,380.15,379.2,401.35,13777,5349915.85,24-APR-2020,791,INE211R01019,
POWERMECH,EQ,388.9,395,361.8,375.55,377.8,380.15,11584,4410417.2,27-APR-2020,852,INE211R01019,
POWERMECH,EQ,389.8,389.8,365.25,376.05,379,375.55,32378,12044394.1,28-APR-2020,1065,INE211R01019,
POWERMECH,EQ,385,395.05,377.25,387.05,389.9,376.05,28834,11108071,29-APR-2020,731,INE211R01019,
POWERMECH,EQ,399,399,378.1,383.3,381.1,387.05,16064,6203167.15,30-APR-2020,1386,INE211R01019,
POWERMECH,EQ,382.95,382.95,359.2,361.9,359.4,383.3,10707,3927448.5,04-MAY-2020,885,INE211R01019,
POWERMECH,EQ,373.4,373.4,347,349.15,348.05,361.9,8204,2923568.05,05-MAY-2020,657,INE211R01019,
POWERMECH,EQ,359.85,359.85,336.55,346.95,346,349.15,8121,2800552.8,06-MAY-2020,650,INE211R01019,
POWERMECH,EQ,354.95,355,341.6,346.1,349.25,346.95,21393,7468233.05,07-MAY-2020,1068,INE211R01019,
POWERMECH,EQ,354.75,354.95,336.2,339,339.65,346.1,13304,4589671.4,08-MAY-2020,489,INE211R01019,
POWERMECH,EQ,348.75,356.8,333,335.65,333.1,339,20169,7007771.65,11-MAY-2020,1350,INE211R01019,
POWERMECH,EQ,335.95,344.2,334,338.6,340.55,335.65,9141,3100662.35,12-MAY-2020,718,INE211R01019,
POWERMECH,EQ,355,357.3,341.1,344.85,341.2,338.6,11604,4006076.85,13-MAY-2020,645,INE211R01019,
POWERMECH,EQ,345,352.7,338.6,339.4,338.6,344.85,15953,5481520.5,14-MAY-2020,623,INE211R01019,
POWERMECH,EQ,346,346,330,335.4,335,339.4,24635,8300012.45,15-MAY-2020,639,INE211R01019,
POWERMECH,EQ,339,339,319.55,322.95,322.8,335.4,20397,6631676.7,18-MAY-2020,843,INE211R01019,
POWERMECH,EQ,327,337,324.35,326.85,326.85,322.95,24612,8070019.6,19-MAY-2020,582,INE211R01019,
POWERMECH,EQ,329,331.15,320.25,325.35,326,326.85,5465,1794315.55,20-MAY-2020,487,INE211R01019,
POWERMECH,EQ,326,333.9,322.85,326.95,328.95,325.35,10440,3440054.2,21-MAY-2020,464,INE211R01019,
POWERMECH,EQ,329.9,329.9,316,322,321.15,326.95,6723,2158514.3,22-MAY-2020,472,INE211R01019,
POWERMECH,EQ,322.1,330,314,316.35,314,322,21039,6748841.95,26-MAY-2020,665,INE211R01019,
POWERMECH,EQ,315,319.9,310.1,312.1,312.25,316.35,8892,2791882.05,27-MAY-2020,693,INE211R01019,
POWERMECH,EQ,320,324.95,312,319.75,321.25,312.1,19542,6247508.15,28-MAY-2020,749,INE211R01019,
POWERMECH,EQ,322,327.3,310.3,312.05,312,319.75,39266,12516890.35,29-MAY-2020,2574,INE211R01019,
POWERMECH,EQ,314.1,328,314.1,318.75,318.55,312.05,18207,5845497.05,01-JUN-2020,1955,INE211R01019,
POWERMECH,EQ,323,382.5,316.25,382.5,382.5,318.75,101823,37217179,02-JUN-2020,3520,INE211R01019,
POWERMECH,EQ,423.9,439,405,408.7,410.65,382.5,213357,89973695.3,03-JUN-2020,8229,INE211R01019,
POWERMECH,EQ,408.95,410.5,380.15,387.35,388.3,408.7,66411,25920904.4,04-JUN-2020,2566,INE211R01019,
POWERMECH,EQ,405,413.2,390.65,406.45,405,387.35,50462,20380149.75,05-JUN-2020,1590,INE211R01019,
POWERMECH,EQ,411.8,424,397.7,406.9,397.7,406.45,37197,15271029.1,08-JUN-2020,1705,INE211R01019,
POWERMECH,EQ,408,411,381.4,389.65,389.9,406.9,24178,9533853.6,09-JUN-2020,2296,INE211R01019,
POWERMECH,EQ,398,407,382,389.5,392,389.65,13847,5432849.85,10-JUN-2020,759,INE211R01019,
POWERMECH,EQ,384,399,379.2,382.6,382.95,389.5,19883,7702445.1,11-JUN-2020,633,INE211R01019,
POWERMECH,EQ,361,384,361,377.25,376,382.6,12242,4554346.9,12-JUN-2020,739,INE211R01019,
POWERMECH,EQ,377,382,359.1,367.25,366,377.25,29021,10708670.7,15-JUN-2020,713,INE211R01019,
POWERMECH,EQ,371,381.7,360,364.75,365,367.25,18452,6857168.25,16-JUN-2020,537,INE211R01019,
POWERMECH,EQ,364.7,375,363,370,369.95,364.75,21232,7862244.15,17-JUN-2020,791,INE211R01019,
POWERMECH,EQ,384,384,361.1,370.9,371,370,19403,7135753.05,18-JUN-2020,1687,INE211R01019,
POWERMECH,EQ,375,398,372.6,385.9,384.05,370.9,31810,12282715.8,19-JUN-2020,1370,INE211R01019,
POWERMECH,EQ,397.3,455,392,438.75,438,385.9,341172,149079123.75,22-JUN-2020,15753,INE211R01019,
POWERMECH,EQ,450,478.8,436.05,461.3,461.2,438.75,255868,118168061.8,23-JUN-2020,10125,INE211R01019,
POWERMECH,EQ,470,474.8,432.2,437.8,438,461.3,75343,34439741.55,24-JUN-2020,4022,INE211R01019,
POWERMECH,EQ,427,447.9,422,429.35,429,437.8,42416,18423435.9,25-JUN-2020,2979,INE211R01019,
POWERMECH,EQ,438.5,483,432,476.6,476,429.35,495082,232112207.9,26-JUN-2020,14508,INE211R01019,
POWERMECH,EQ,480.4,480.4,435,468.35,466,476.6,81699,38334550.15,29-JUN-2020,4877,INE211R01019,
POWERMECH,EQ,474,478,450.1,454.15,455,468.35,35514,16541750.05,30-JUN-2020,2593,INE211R01019,
POWERMECH,EQ,454,459,442.7,447.7,448.75,454.15,30061,13494116.3,01-JUL-2020,1973,INE211R01019,
POWERMECH,EQ,453,468.4,449,452.5,451.25,447.7,32219,14754486.2,02-JUL-2020,1983,INE211R01019,
POWERMECH,EQ,458.5,474,450.05,468.9,468,452.5,66569,31061219.8,03-JUL-2020,2987,INE211R01019,
POWERMECH,EQ,475,504,471.2,486.55,492,468.9,384206,187286901.1,06-JUL-2020,13355,INE211R01019,
POWERMECH,EQ,492,533.3,492,504.05,502.15,486.55,453350,232663007.95,07-JUL-2020,14755,INE211R01019,
POWERMECH,EQ,506,507.9,477,481.4,480,504.05,86587,42460855.55,08-JUL-2020,3744,INE211R01019,
POWERMECH,EQ,484.7,495.55,477.2,479.7,481,481.4,39959,19358097.85,09-JUL-2020,1812,INE211R01019,
POWERMECH,EQ,478,484.25,470,472.2,471.3,479.7,32913,15646650.7,10-JUL-2020,1815,INE211R01019,
POWERMECH,EQ,475.9,480.7,457.6,460.65,460,472.2,26646,12443834.15,13-JUL-2020,2047,INE211R01019,
POWERMECH,EQ,460.65,463.6,441,446.6,450.8,460.65,36864,16529457.35,14-JUL-2020,2288,INE211R01019,
POWERMECH,EQ,450.8,458.05,439.4,441.7,439.4,446.6,20736,9307037.25,15-JUL-2020,1347,INE211R01019,
POWERMECH,EQ,442,448.7,428,433.3,435,441.7,27576,11975627.35,16-JUL-2020,1840,INE211R01019,
POWERMECH,EQ,436.5,443,434,438.35,438.7,433.3,21738,9544317.25,17-JUL-2020,1306,INE211R01019,
POWERMECH,EQ,441.6,469.9,441,457.95,458,438.35,56231,25680592.95,20-JUL-2020,2821,INE211R01019,
POWERMECH,EQ,475,475,449,462.85,463,457.95,47747,22122496.85,21-JUL-2020,2044,INE211R01019,
POWERMECH,EQ,468,468.5,445.5,449.55,450,462.85,33520,15395319.7,22-JUL-2020,1966,INE211R01019,
POWERMECH,EQ,450,474.3,450,459.55,460.7,449.55,84225,39311814,23-JUL-2020,3607,INE211R01019,
POWERMECH,EQ,457,458.45,445,450.2,452,459.55,17723,8011579.4,24-JUL-2020,1210,INE211R01019,
POWERMECH,EQ,452,458.9,443,444.95,445.2,450.2,15185,6808535.45,27-JUL-2020,876,INE211R01019,
POWERMECH,EQ,452.8,452.9,432,436.6,436,444.95,19503,8551607.95,28-JUL-2020,1370,INE211R01019,
POWERMECH,EQ,439.9,443,430,431.8,433.7,436.6,34105,14860182.25,29-JUL-2020,1427,INE211R01019,
POWERMECH,EQ,433.35,438.75,426,427.95,426.05,431.8,14394,6203696.35,30-JUL-2020,1138,INE211R01019,
POWERMECH,EQ,428.3,435,420,421.6,423.8,427.95,16030,6778849.3,31-JUL-2020,1069,INE211R01019,
POWERMECH,EQ,415.1,427.75,413.6,416.05,417.5,421.6,21495,8997941.6,03-AUG-2020,1275,INE211R01019,
POWERMECH,EQ,416.15,423,404.1,407.7,409,416.05,36740,15126510.3,04-AUG-2020,1946,INE211R01019,
POWERMECH,EQ,410.25,424.3,407.05,409.85,411,407.7,35826,14847828.75,05-AUG-2020,2800,INE211R01019,
POWERMECH,EQ,412.65,420,404.5,405.6,407,409.85,43593,17831308.55,06-AUG-2020,2710,INE211R01019,
POWERMECH,EQ,413,413,404.85,406.4,406.5,405.6,29552,12054072.1,07-AUG-2020,1919,INE211R01019,
POWERMECH,EQ,409.95,411.85,404,407.05,407.75,406.4,38574,15709293.1,10-AUG-2020,2962,INE211R01019,
POWERMECH,EQ,412.15,429.95,407,417.1,418.65,407.05,219918,92040525.55,11-AUG-2020,13835,INE211R01019,
POWERMECH,EQ,413.7,422.3,407.15,416.1,418,417.1,51544,21384676.75,12-AUG-2020,2710,INE211R01019,
POWERMECH,EQ,418.9,418.9,405.55,408.75,408.9,416.1,44300,18162610.75,13-AUG-2020,2743,INE211R01019,
POWERMECH,EQ,410,419.9,403.85,406.2,406,408.75,73070,30211257.45,14-AUG-2020,4632,INE211R01019,
POWERMECH,EQ,420,420,403,407.3,408.1,406.2,40820,16710001.85,17-AUG-2020,2000,INE211R01019,
POWERMECH,EQ,413.8,413.8,398.3,401,402.5,407.3,65399,26339974.15,18-AUG-2020,3010,INE211R01019,
POWERMECH,EQ,404.7,407.15,402,404.75,405.35,401,75058,30413536.2,19-AUG-2020,4335,INE211R01019,
POWERMECH,EQ,402.8,417.9,401.1,404.85,404.85,404.75,107033,43696050.65,20-AUG-2020,7359,INE211R01019,
POWERMECH,EQ,409.75,457,409.75,435.15,433.8,404.85,738038,321602398,21-AUG-2020,22142,INE211R01019,
POWERMECH,EQ,439,468.9,438,458.7,468,435.15,282406,128849848.2,24-AUG-2020,8807,INE211R01019,
POWERMECH,EQ,474.4,493,473,480.65,480,458.7,733454,354695359.35,25-AUG-2020,19215,INE211R01019,
POWERMECH,EQ,479.75,479.75,461.05,467.9,467,480.65,140506,65974139.85,26-AUG-2020,6589,INE211R01019,
POWERMECH,EQ,473,556.8,473,480.3,481.95,467.9,161379,78802404.65,27-AUG-2020,8582,INE211R01019,
POWERMECH,EQ,484,485.6,467,469.1,469.6,480.3,110523,52335309.45,28-AUG-2020,4941,INE211R01019,
POWERMECH,EQ,469.1,475,430,437.15,436,469.1,127901,57637057.7,31-AUG-2020,6763,INE211R01019,
POWERMECH,EQ,437.15,439.95,419,431.15,429.95,437.15,53188,22759404.15,01-SEP-2020,4120,INE211R01019,
POWERMECH,EQ,434.95,439.9,425.2,435.1,435,431.15,25646,11077946.75,02-SEP-2020,2134,INE211R01019,
POWERMECH,EQ,439,476.75,435.5,457.3,456,435.1,167218,77389343.7,03-SEP-2020,7851,INE211R01019,
POWERMECH,EQ,450,455,433.95,445.5,448,457.3,49346,22061147.8,04-SEP-2020,2553,INE211R01019,
POWERMECH,EQ,448.5,448.5,430,436.45,436.4,445.5,49354,21601316.4,07-SEP-2020,2395,INE211R01019,
POWERMECH,EQ,432.3,443.45,426,428.85,426,436.45,32827,14278173.1,08-SEP-2020,1811,INE211R01019,
POWERMECH,EQ,428,445.8,421,439.8,440.2,428.85,46245,20107358.1,09-SEP-2020,2437,INE211R01019,
POWERMECH,EQ,438.2,448.8,431.2,436.85,436.5,439.8,16460,7253124.25,10-SEP-2020,1226,INE211R01019,
POWERMECH,EQ,435.5,444.9,428,432.75,432,436.85,21918,9497410.75,11-SEP-2020,1406,INE211R01019,
POWERMECH,EQ,433,449.3,433,441.75,441,432.75,36602,16202778.05,14-SEP-2020,2168,INE211R01019,
POWERMECH,EQ,446.9,448.6,430.7,437.3,438,441.75,44128,19220488.45,15-SEP-2020,2003,INE211R01019,
POWERMECH,EQ,421,444,420.2,441.3,442,437.3,108528,47613735.25,16-SEP-2020,3332,INE211R01019,
POWERMECH,EQ,439.55,441.35,430.05,433.95,437.75,441.3,62955,27465369.15,17-SEP-2020,1842,INE211R01019,
POWERMECH,EQ,442.95,442.95,431,433.9,437,433.95,114102,49576107.5,18-SEP-2020,1937,INE211R01019,
POWERMECH,EQ,439.9,439.9,409.8,413.4,411.9,433.9,50310,21180189.35,21-SEP-2020,3580,INE211R01019,
POWERMECH,EQ,410.3,416.2,389.95,392.6,392,413.4,56500,22395106.4,22-SEP-2020,2972,INE211R01019,
POWERMECH,EQ,393,403,376.85,383.15,388,392.6,57379,22360673,23-SEP-2020,2733,INE211R01019,
POWERMECH,EQ,378.2,389.8,353.5,357.75,362,383.15,80951,29588383.2,24-SEP-2020,3877,INE211R01019,
POWERMECH,EQ,364.5,409,364.5,399.45,400,357.75,138702,54608643.45,25-SEP-2020,5651,INE211R01019,
POWERMECH,EQ,403.9,418,400.4,414.7,414.9,399.45,47552,19396552.65,28-SEP-2020,2068,INE211R01019,
POWERMECH,EQ,418.9,419.2,402.05,406.15,407,414.7,27051,11110879.15,29-SEP-2020,1496,INE211R01019,
POWERMECH,EQ,409.95,412.15,399.5,403.45,410,406.15,29303,11874456,30-SEP-2020,1561,INE211R01019,
POWERMECH,EQ,412,418.8,404.6,406.05,406.15,403.45,24627,10018854.6,01-OCT-2020,912,INE211R01019,
POWERMECH,EQ,414.9,417.75,407.5,409.2,409,406.05,40980,16870889.2,05-OCT-2020,1433,INE211R01019,
POWERMECH,EQ,410,413.95,403.3,408,405.95,409.2,44445,18161373.9,06-OCT-2020,1765,INE211R01019,
POWERMECH,EQ,411,416.75,403,403.9,403.7,408,54038,21994688.75,07-OCT-2020,1798,INE211R01019,
POWERMECH,EQ,405.95,409,395,399.65,400,403.9,31805,12780828.1,08-OCT-2020,1483,INE211R01019,
POWERMECH,EQ,405.95,405.95,395.65,399,396.95,399.65,51034,20420444.1,09-OCT-2020,1224,INE211R01019,
POWERMECH,EQ,403,407,392.65,396.05,395.5,399,25668,10280515.5,12-OCT-2020,1059,INE211R01019,
POWERMECH,EQ,390.6,405,390.6,400.4,398,396.05,20522,8165352.5,13-OCT-2020,881,INE211R01019,
POWERMECH,EQ,393.2,401.95,389.5,396.25,396.6,400.4,22475,8907489.45,14-OCT-2020,996,INE211R01019,
POWERMECH,EQ,397,403.5,386,388.4,387.7,396.25,23606,9315680.5,15-OCT-2020,1149,INE211R01019,
POWERMECH,EQ,386.2,393.9,381,385.25,386.3,388.4,29749,11445747.9,16-OCT-2020,1502,INE211R01019,
POWERMECH,EQ,385.5,392.8,383.8,385.95,386.5,385.25,15860,6129496.8,19-OCT-2020,707,INE211R01019,
POWERMECH,EQ,386.1,394.4,385.05,387.5,387,385.95,17565,6826854.65,20-OCT-2020,824,INE211R01019,
POWERMECH,EQ,393.5,393.5,384.75,385.15,385.75,387.5,15950,6174954.15,21-OCT-2020,653,INE211R01019,
POWERMECH,EQ,386,393.15,385.15,388.35,389.7,385.15,13759,5345273.65,22-OCT-2020,645,INE211R01019,
POWERMECH,EQ,391.95,393.5,384.5,387,386.9,388.35,15264,5917725.1,23-OCT-2020,889,INE211R01019,
POWERMECH,EQ,391.3,391.3,381.95,384.85,386.25,387,6996,2697133.45,26-OCT-2020,642,INE211R01019,
POWERMECH,EQ,382.5,386.75,381,382.65,384,384.85,8350,3197093.35,27-OCT-2020,527,INE211R01019,
POWERMECH,EQ,382.1,387.4,382.1,384.05,383.45,382.65,11047,4249708.75,28-OCT-2020,506,INE211R01019,
POWERMECH,EQ,389,389,378,381.9,383,384.05,10435,3984281.9,29-OCT-2020,525,INE211R01019,
POWERMECH,EQ,378.3,384.9,371,376.55,378.15,381.9,11361,4272975.05,30-OCT-2020,774,INE211R01019,
POWERMECH,EQ,363.55,373.65,363.55,369.8,370,376.55,10052,3712293.3,02-NOV-2020,708,INE211R01019,
POWERMECH,EQ,373,380,368.1,373.05,374.2,369.8,14851,5543361.1,03-NOV-2020,550,INE211R01019,
POWERMECH,EQ,375,375,366.75,370.2,370.8,373.05,14349,5304064.4,04-NOV-2020,640,INE211R01019,
POWERMECH,EQ,375.05,377.7,371.2,373.85,375.95,370.2,6024,2252855.55,05-NOV-2020,433,INE211R01019,
POWERMECH,EQ,377.85,401.8,375,384,382.65,373.85,25664,9928362.55,06-NOV-2020,1252,INE211R01019,
POWERMECH,EQ,384.2,393,381.35,386.05,386.8,384,14794,5697919.1,09-NOV-2020,526,INE211R01019,
POWERMECH,EQ,395,395,378.05,381.35,381.75,386.05,21813,8375910.55,10-NOV-2020,835,INE211R01019,
POWERMECH,EQ,385.9,386.7,376.95,381.1,383,381.35,17717,6777324.25,11-NOV-2020,770,INE211R01019,
POWERMECH,EQ,381.05,385,378.95,380.45,381,381.1,33853,12895611.95,12-NOV-2020,1697,INE211R01019,
POWERMECH,EQ,381,387,377.2,380.5,381.5,380.45,27554,10499221.55,13-NOV-2020,1534,INE211R01019,
POWERMECH,EQ,373,384.8,365.15,368.3,369,372.25,123938,46149199.5,17-NOV-2020,4416,INE211R01019,
POWERMECH,EQ,368.3,375,368.3,371.95,372,368.3,51349,19036372.15,18-NOV-2020,1736,INE211R01019,
POWERMECH,EQ,372,382,369.35,370.65,370.15,371.95,98146,36619344.65,19-NOV-2020,4788,INE211R01019,
POWERMECH,EQ,373.95,374.8,369.3,369.95,370,370.65,42326,15702352.65,20-NOV-2020,1467,INE211R01019,
POWERMECH,EQ,374,382,370.6,374.9,378.95,369.95,102107,38451806.6,23-NOV-2020,3013,INE211R01019,
POWERMECH,EQ,380,404.9,377.05,402,402.9,374.9,440168,173714261.75,24-NOV-2020,11516,INE211R01019,
POWERMECH,EQ,407.9,433.9,395.2,414.45,413.1,402,920086,383836440.45,25-NOV-2020,22148,INE211R01019,
POWERMECH,EQ,417.2,429.45,410.55,423.85,423,414.45,150896,63615549.65,26-NOV-2020,4767,INE211R01019,
POWERMECH,EQ,425.5,428.85,420,425.4,427,423.85,102186,43380620.7,27-NOV-2020,2479,INE211R01019,
POWERMECH,EQ,429.5,433.85,426.25,428.3,428.7,425.4,96585,41458163.85,01-DEC-2020,2088,INE211R01019,
POWERMECH,EQ,431.8,431.8,417,422.35,422.5,428.3,64018,27112963.55,02-DEC-2020,2193,INE211R01019,
POWERMECH,EQ,422.55,431.3,422.55,427.3,426,422.35,50841,21770311.8,03-DEC-2020,1646,INE211R01019,
POWERMECH,EQ,431,439.75,428,436.25,436.45,427.3,129073,56078849.15,04-DEC-2020,3308,INE211R01019,
POWERMECH,EQ,441.8,448,440.3,447,447.9,436.25,91836,40836493.05,07-DEC-2020,2797,INE211R01019,
POWERMECH,EQ,452,454,431.9,440.85,437,447,101786,44904896.35,08-DEC-2020,2970,INE211R01019,
POWERMECH,EQ,440.85,444.8,431,435.2,435.95,440.85,53708,23592355.8,09-DEC-2020,2064,INE211R01019,
POWERMECH,EQ,437.5,441,425.2,428.45,429,435.2,45631,19649781.75,10-DEC-2020,1581,INE211R01019,
POWERMECH,EQ,428.45,433.7,419,421.4,421.5,428.45,52265,22286870.55,11-DEC-2020,1719,INE211R01019,
POWERMECH,EQ,423.5,426.85,416.3,422.8,421.5,421.4,59574,25084533.7,14-DEC-2020,1849,INE211R01019,
POWERMECH,EQ,425.7,446,422,437.55,437,422.8,72687,31615487.7,15-DEC-2020,2812,INE211R01019,
POWERMECH,EQ,443.8,446,432,440.25,433.25,437.55,45972,20193011.55,16-DEC-2020,1618,INE211R01019,
POWERMECH,EQ,440.25,445,430,431.4,430.05,440.25,45909,20027789.95,17-DEC-2020,1981,INE211R01019,
POWERMECH,EQ,431.4,439.9,425,427.5,428.9,431.4,37220,15939433.55,18-DEC-2020,1249,INE211R01019,
POWERMECH,EQ,430,430,405.2,414.45,414.2,427.5,91991,38858447.5,21-DEC-2020,2068,INE211R01019,
POWERMECH,EQ,402.1,413.95,387,405.15,407,414.45,52490,21091396.3,22-DEC-2020,1845,INE211R01019,
POWERMECH,EQ,414.9,422.45,410.15,420.25,421.9,405.15,20358,8523409.85,23-DEC-2020,963,INE211R01019,
POWERMECH,EQ,417.55,427.5,417.55,423.95,424.4,420.25,27312,11601201.3,24-DEC-2020,1107,INE211R01019,
POWERMECH,EQ,429,436.95,427.35,429.95,431,423.95,57609,24879816.25,28-DEC-2020,2621,INE211R01019,
POWERMECH,EQ,431,434,427,429.15,429,429.95,30144,12972525.9,29-DEC-2020,1663,INE211R01019,
POWERMECH,EQ,427.65,436.2,423,431.75,434,429.15,28378,12206677.65,30-DEC-2020,1380,INE211R01019,
POWERMECH,EQ,432.15,435.1,428.05,432.95,432.25,431.75,46265,19971313.35,31-DEC-2020,2139,INE211R01019,
POWERMECH,EQ,434,439.25,429.05,430.6,431,432.95,36308,15758309.5,01-JAN-2021,1274,INE211R01019,
POWERMECH,EQ,436,438.95,425.55,430.7,431,430.6,24785,10680513.4,04-JAN-2021,1789,INE211R01019,
POWERMECH,EQ,430,433.45,425.5,429.8,429.15,430.7,26141,11255935.65,05-JAN-2021,1506,INE211R01019,
POWERMECH,EQ,430.1,434.45,421,427.5,430,429.8,34935,14924880.8,06-JAN-2021,1580,INE211R01019,
POWERMECH,EQ,430,430,423.9,425.8,427.9,427.5,30231,12923536.9,07-JAN-2021,1418,INE211R01019,
POWERMECH,EQ,427.35,435.4,427.15,431.75,433,425.8,39812,17216598,08-JAN-2021,1994,INE211R01019,
POWERMECH,EQ,434.95,435,425.05,427.2,425.6,431.75,24256,10416086.95,11-JAN-2021,1132,INE211R01019,
POWERMECH,EQ,427.2,429.95,425,427.3,428.7,427.2,20703,8843705.9,12-JAN-2021,926,INE211R01019,
POWERMECH,EQ,429.9,433,424,429.75,430.55,427.3,26728,11461221.45,13-JAN-2021,1005,INE211R01019,
POWERMECH,EQ,432.5,432.5,427.35,428.3,429,429.75,20291,8712504.95,14-JAN-2021,758,INE211R01019,
POWERMECH,EQ,431.95,431.95,424.6,424.85,424.65,428.3,14664,6253240.3,15-JAN-2021,799,INE211R01019,
POWERMECH,EQ,424,428.85,418,422.7,421.05,424.85,18728,7896456.45,18-JAN-2021,861,INE211R01019,
POWERMECH,EQ,430,430,423,427.1,428,422.7,16647,7098961.7,19-JAN-2021,669,INE211R01019,
POWERMECH,EQ,429.8,429.8,419.55,421.1,420.5,427.1,26850,11386395.9,20-JAN-2021,1024,INE211R01019,
POWERMECH,EQ,421.5,427.8,418.55,422.35,422.05,421.1,28076,11887361.25,21-JAN-2021,989,INE211R01019,
POWERMECH,EQ,419.6,426.1,414.5,416.1,417.5,422.35,32769,13787154.35,22-JAN-2021,1159,INE211R01019,
POWERMECH,EQ,418.9,425.05,411.55,416.05,415,416.1,17027,7109579.45,25-JAN-2021,854,INE211R01019,
POWERMECH,EQ,418,460,413.6,443.5,443.2,416.05,298097,133298849.55,27-JAN-2021,10118,INE211R01019,
POWERMECH,EQ,449,452,439.75,446,446,443.5,54560,24340250.8,28-JAN-2021,2885,INE211R01019,
POWERMECH,EQ,448,454,444.05,446.05,445.1,446,50016,22465732.75,29-JAN-2021,1833,INE211R01019,
POWERMECH,EQ,447,455,432.3,452.05,449,446.05,66046,29374041.95,01-FEB-2021,2285,INE211R01019,
POWERMECH,EQ,452.1,488.9,452.1,482.6,482.05,452.05,214778,102294067.05,02-FEB-2021,7178,INE211R01019,
POWERMECH,EQ,485,501.35,484,491.25,492.5,482.6,131778,65243739.95,03-FEB-2021,4538,INE211R01019,
POWERMECH,EQ,492.5,499,486,491.65,490.8,491.25,58087,28585736.9,04-FEB-2021,2535,INE211R01019,
POWERMECH,EQ,496.95,509,491.1,497.65,497,491.65,73527,36719748.4,05-FEB-2021,2756,INE211R01019,
POWERMECH,EQ,500.1,545,500.1,535.2,539,497.65,154305,80721933.8,08-FEB-2021,5052,INE211R01019,
POWERMECH,EQ,545,552.15,535.4,543.9,542,535.2,112327,61217967.25,09-FEB-2021,4605,INE211R01019,
POWERMECH,EQ,544.9,566.9,541.15,553.15,556,543.9,268246,149143684.95,10-FEB-2021,7736,INE211R01019,
POWERMECH,EQ,555,565.8,551.35,559.65,555.4,553.15,56794,31761337.25,11-FEB-2021,2513,INE211R01019,
POWERMECH,EQ,546.05,558.1,516,533.15,526,559.65,164212,87943828.55,12-FEB-2021,6162,INE211R01019,
POWERMECH,EQ,520.1,525,473.4,477.1,477.8,533.15,203808,100373521.2,15-FEB-2021,7188,INE211R01019,
POWERMECH,EQ,480,484.8,464.75,474.05,475,477.1,102173,48271486.6,16-FEB-2021,4209,INE211R01019,
POWERMECH,EQ,470,499,470,490.2,493,474.05,93504,45932065.3,17-FEB-2021,3084,INE211R01019,
POWERMECH,EQ,493.9,567.45,493.9,550.7,549,490.2,217591,115283146.5,18-FEB-2021,7694,INE211R01019,
POWERMECH,EQ,550,557.35,535,539.3,539,550.7,80490,43945754.45,19-FEB-2021,3861,INE211R01019,
POWERMECH,EQ,539,576.85,539,553.65,547.2,539.3,123565,68891457.15,22-FEB-2021,4929,INE211R01019,
POWERMECH,EQ,559.9,584.45,538.3,542.6,540.2,553.65,60940,33367248.3,23-FEB-2021,3347,INE211R01019,
POWERMECH,EQ,548.7,550,535,546.15,543.05,542.6,22265,12141575.6,24-FEB-2021,933,INE211R01019,
POWERMECH,EQ,552.7,555.1,536.1,548.75,548,546.15,83229,45589278.8,25-FEB-2021,3888,INE211R01019,
POWERMECH,EQ,530.05,554.95,530.05,545,549.8,548.75,38023,20621960.45,26-FEB-2021,1645,INE211R01019,
POWERMECH,EQ,550.85,551,537.05,539.4,539,545,20955,11368957.9,01-MAR-2021,976,INE211R01019,
POWERMECH,EQ,544.5,549.45,535.05,540.15,540,539.4,57242,30960199.6,02-MAR-2021,1283,INE211R01019,
POWERMECH,EQ,547.8,575,539,547.95,546.7,540.15,232726,130058657.85,03-MAR-2021,7841,INE211R01019,
POWERMECH,EQ,544.65,559.2,536.6,542.6,543,547.95,55334,30178252.3,04-MAR-2021,3821,INE211R01019,
POWERMECH,EQ,540,548,533.5,536.55,537,542.6,82094,44213543.9,05-MAR-2021,1798,INE211R01019,
POWERMECH,EQ,545,555,543,547.2,547.7,536.55,43073,23610164.9,08-MAR-2021,2127,INE211R01019,
POWERMECH,EQ,552.5,556,533.2,535.85,537,547.2,23477,12701169.15,09-MAR-2021,1096,INE211R01019,
POWERMECH,EQ,544.9,545,525,528.75,530,535.85,39305,20934269.25,10-MAR-2021,1766,INE211R01019,
POWERMECH,EQ,530,537.55,518.4,521.45,526.05,528.75,31307,16467139.5,12-MAR-2021,1335,INE211R01019,
POWERMECH,EQ,525.9,526.2,508,516.15,512,521.45,39477,20314667.75,15-MAR-2021,1862,INE211R01019,
POWERMECH,EQ,519.4,549.9,518.1,540.1,537.55,516.15,76087,41118073.55,16-MAR-2021,3438,INE211R01019,
POWERMECH,EQ,548,565,535,541.55,544.95,540.1,103427,57082157.3,17-MAR-2021,4724,INE211R01019,
POWERMECH,EQ,547.1,549.7,510.5,517.55,516,541.55,43926,23103457,18-MAR-2021,2995,INE211R01019,
POWERMECH,EQ,521.7,536,501.35,530.65,536,517.55,45728,23792989.4,19-MAR-2021,1966,INE211R01019,
POWERMECH,EQ,538,542,532,536.9,539,530.65,18480,9930524.9,22-MAR-2021,1126,INE211R01019,
POWERMECH,EQ,534.7,554,532.6,549.8,548,536.9,32816,17917935.05,23-MAR-2021,1417,INE211R01019,
POWERMECH,EQ,553,553,529.3,532.7,531.5,549.8,15031,8106833.8,24-MAR-2021,1098,INE211R01019,
POWERMECH,EQ,540.25,540.25,516.15,525.55,530,532.7,49993,26175868.4,25-MAR-2021,1611,INE211R01019,
POWERMECH,EQ,530.1,551.7,530.1,548.45,551.25,525.55,72554,39538468.75,26-MAR-2021,2374,INE211R01019,
POWERMECH,EQ,551.25,576,551.25,570.35,570.5,548.45,144018,81428937.35,30-MAR-2021,4901,INE211R01019,
POWERMECH,EQ,576.45,587.7,570.35,583.9,584.9,570.35,73324,42498530.55,31-MAR-2021,3302,INE211R01019,
POWERMECH,EQ,589.95,596,572.2,576.25,577.7,583.9,49983,29127852.25,01-APR-2021,2069,INE211R01019,
POWERMECH,EQ,578,589,547.55,566.45,570,576.25,58995,33578971.95,05-APR-2021,2435,INE211R01019,
POWERMECH,EQ,573.95,573.95,555,561.35,565.45,566.45,33593,18906029.5,06-APR-2021,1489,INE211R01019,
POWERMECH,EQ,565.45,571.2,559.3,565.55,568,561.35,35662,20173079.75,07-APR-2021,1597,INE211R01019,
POWERMECH,EQ,576,577.05,563.9,565.75,565.15,565.55,21642,12318906.45,08-APR-2021,1155,INE211R01019,
POWERMECH,EQ,568.9,585.05,562.55,581.55,585,565.75,63467,36597616.4,09-APR-2021,2117,INE211R01019,
POWERMECH,EQ,571,574.8,541.55,547.2,550,581.55,49317,27367554.25,12-APR-2021,2071,INE211R01019,
POWERMECH,EQ,558,598,554.95,585.7,597,547.2,163899,95079566,13-APR-2021,4132,INE211R01019,
POWERMECH,EQ,586,593.85,570.3,578.55,578,585.7,31515,18254325.05,15-APR-2021,1844,INE211R01019,
POWERMECH,EQ,574.65,587.65,571,575,579.7,578.55,20960,12073868.15,16-APR-2021,1001,INE211R01019,
POWERMECH,EQ,561.65,561.65,545,551.2,554,575,20446,11306003.45,19-APR-2021,1346,INE211R01019,
POWERMECH,EQ,545.5,575,545.5,568.05,565,551.2,59531,33634375,20-APR-2021,2523,INE211R01019,
POWERMECH,EQ,556.05,575,556.05,568.85,568.5,568.05,24524,14039174.35,22-APR-2021,1518,INE211R01019,
POWERMECH,EQ,571.3,574,549.5,560.35,554.45,568.85,43381,24546798.5,23-APR-2021,1342,INE211R01019,
POWERMECH,EQ,560.35,576.9,556.55,566.35,562.6,560.35,100853,57411697.2,26-APR-2021,3822,INE211R01019,
POWERMECH,EQ,580,580.05,563.75,565.65,564.1,566.35,34943,20028714.55,27-APR-2021,1692,INE211R01019,
POWERMECH,EQ,574,574,558.65,564.7,565,565.65,15638,8834605.45,28-APR-2021,748,INE211R01019,
POWERMECH,EQ,563.95,583,562.05,574.5,576.05,564.7,53654,30850354.9,29-APR-2021,2266,INE211R01019,
POWERMECH,EQ,564.5,580,560.65,576.1,580,574.5,23171,13344198.85,30-APR-2021,881,INE211R01019,
POWERMECH,EQ,562,582.75,562,568.05,569.5,576.1,16057,9188783.5,03-MAY-2021,1067,INE211R01019,
POWERMECH,EQ,568.6,574.45,559.1,567.35,570,568.05,17307,9829409.75,04-MAY-2021,1076,INE211R01019,
POWERMECH,EQ,570.25,580,561.1,576.4,579,567.35,28455,16257066.85,05-MAY-2021,1173,INE211R01019,
POWERMECH,EQ,580,582.75,566.3,568.25,568,576.4,8479,4843867.5,06-MAY-2021,683,INE211R01019,
POWERMECH,EQ,566,579,566,567.3,567.1,568.25,6197,3528621.55,07-MAY-2021,446,INE211R01019,
POWERMECH,EQ,568.6,612.9,565.45,606.85,608.95,567.3,137775,81940314.35,10-MAY-2021,5717,INE211R01019,
POWERMECH,EQ,610,624,593.1,617.95,617,606.85,89039,54502381.65,11-MAY-2021,4759,INE211R01019,
POWERMECH,EQ,618.95,623.9,582.45,601.65,611,617.95,56318,34266296,12-MAY-2021,3271,INE211R01019,
POWERMECH,EQ,613,615,583,593.7,590,601.65,44346,26372728.5,14-MAY-2021,2333,INE211R01019,
POWERMECH,EQ,605,609.85,584,590.55,589.5,593.7,18367,10916712.55,17-MAY-2021,1291,INE211R01019,
POWERMECH,EQ,603,603,583.15,587.9,591,590.55,12877,7598960.65,18-MAY-2021,1063,INE211R01019,
POWERMECH,EQ,600,600,582.85,586.3,584,587.9,15145,8906480.05,19-MAY-2021,969,INE211R01019,
POWERMECH,EQ,585.9,598,580.95,585.05,589.35,586.3,14020,8257551.1,20-MAY-2021,1350,INE211R01019,
POWERMECH,EQ,588,612.3,588,597.5,596.55,585.05,34883,20940981.15,21-MAY-2021,2158,INE211R01019,
POWERMECH,EQ,609,609,594.55,601.55,603,597.5,27454,16511952.25,24-MAY-2021,1705,INE211R01019,
POWERMECH,EQ,613.55,638.7,602,630.75,634,601.55,136676,85487496.95,25-MAY-2021,6152,INE211R01019,
POWERMECH,EQ,641,642,621.85,635.2,633,630.75,46428,29494439.05,26-MAY-2021,3068,INE211R01019,
POWERMECH,EQ,635.2,635.2,624,626.1,624,635.2,16033,10053336.75,27-MAY-2021,1277,INE211R01019,
POWERMECH,EQ,640,640,607.55,611.4,613,626.1,48733,30112164.5,28-MAY-2021,2507,INE211R01019,
POWERMECH,EQ,611.4,619.95,604,613.55,619.95,611.4,74172,45211914.5,31-MAY-2021,1436,INE211R01019,
POWERMECH,EQ,613.6,618.35,595.5,603.45,595.5,613.55,37554,22704784.55,01-JUN-2021,1615,INE211R01019,
POWERMECH,EQ,613,630,600.5,626.25,625.5,603.45,119414,73609781.65,02-JUN-2021,2128,INE211R01019,
POWERMECH,EQ,633,640,625.1,627.35,625.2,626.25,205321,129968121.8,03-JUN-2021,2750,INE211R01019,
POWERMECH,EQ,650,725,646.95,690.8,688,627.35,736676,514481718.2,04-JUN-2021,38692,INE211R01019,
POWERMECH,EQ,698,704.85,679.05,681.5,680.3,690.8,78160,54068422.5,07-JUN-2021,5399,INE211R01019,
POWERMECH,EQ,688.8,696.75,680.45,688,688,681.5,55372,38118519.65,08-JUN-2021,2813,INE211R01019,
POWERMECH,EQ,693,720,675.25,679.75,677.4,688,155504,108406937.8,09-JUN-2021,7439,INE211R01019,
POWERMECH,EQ,686.9,709.7,684.05,692.45,699.8,679.75,46772,32499930.65,10-JUN-2021,3112,INE211R01019,
POWERMECH,EQ,699,715,692,706,704.55,692.45,63929,44940289.3,11-JUN-2021,3369,INE211R01019,
POWERMECH,EQ,706,718,682.6,704.95,704,706,120137,84624878.85,14-JUN-2021,3616,INE211R01019,
POWERMECH,EQ,703.7,743,703.65,713.7,714.8,704.95,134875,97538673.3,15-JUN-2021,6826,INE211R01019,
POWERMECH,EQ,705,718,705,706.9,705,713.7,51616,36753221.4,16-JUN-2021,3362,INE211R01019,
POWERMECH,EQ,702,743,690,723.35,708,706.9,248814,179635263.05,17-JUN-2021,15415,INE211R01019,
POWERMECH,EQ,722.95,722.95,682.15,687.6,688.65,723.35,120806,84217535.6,18-JUN-2021,5843,INE211R01019,
POWERMECH,EQ,677.6,718,664.55,712.15,703,687.6,66284,46187400.65,21-JUN-2021,3870,INE211R01019,
POWERMECH,EQ,719,719.7,690,694.45,694.5,712.15,36869,25983001.95,22-JUN-2021,2490,INE211R01019,
POWERMECH,EQ,696,704,672.1,678.9,678.2,694.45,43263,29836539.95,23-JUN-2021,3444,INE211R01019,
POWERMECH,EQ,679.6,691.3,669,674.95,674,678.9,42580,28843365.85,24-JUN-2021,2745,INE211R01019,
POWERMECH,EQ,681.8,683.9,665.1,669.1,670,674.95,97126,65186428.95,25-JUN-2021,4265,INE211R01019,
POWERMECH,EQ,672,768,672,703.9,707.5,669.1,734595,533785577.1,28-JUN-2021,31715,INE211R01019,
POWERMECH,EQ,716,756.95,714.5,736.4,739.95,703.9,352883,259816657.35,29-JUN-2021,20882,INE211R01019,
POWERMECH,EQ,744.2,757.55,730.6,749.45,747,736.4,208214,155497715.85,30-JUN-2021,9053,INE211R01019,
POWERMECH,EQ,758.9,899.3,751.85,899.3,899.3,749.45,1935148,1641349947.35,01-JUL-2021,72276,INE211R01019,
POWERMECH,EQ,914,922,835.4,841.5,844.2,899.3,748825,647201731.5,02-JUL-2021,29898,INE211R01019,
POWERMECH,EQ,847.7,892.9,845,862.5,867,841.5,414730,361135453.9,05-JUL-2021,21939,INE211R01019,
POWERMECH,EQ,872,882,822.5,827.3,825.2,862.5,169150,144956853.15,06-JUL-2021,9312,INE211R01019,
POWERMECH,EQ,833.7,856.35,820.45,830.4,828.2,827.3,145466,121846851,07-JUL-2021,9485,INE211R01019,
POWERMECH,EQ,834.8,844.5,816.05,820.2,822.55,830.4,73625,61277162.55,08-JUL-2021,4643,INE211R01019,
POWERMECH,EQ,827.8,839.95,815,818.05,818.5,820.2,58722,48339107.95,09-JUL-2021,3987,INE211R01019,
POWERMECH,EQ,828.7,835.35,816.55,821.35,821.05,818.05,47214,38975935.6,12-JUL-2021,3712,INE211R01019,
POWERMECH,EQ,828.55,829.45,812.2,819.45,819.5,821.35,28949,23760647.85,13-JUL-2021,1949,INE211R01019,
POWERMECH,EQ,820.4,850,816.85,841.15,839,819.45,128538,107521286.85,14-JUL-2021,6497,INE211R01019,
POWERMECH,EQ,841.9,847.95,825,831.45,836.5,841.15,45406,37893055.65,15-JUL-2021,3450,INE211R01019,
POWERMECH,EQ,838,838,815.4,818.6,820.55,831.45,43531,35801853.6,16-JUL-2021,2851,INE211R01019,
POWERMECH,EQ,811,818.95,805,808.3,810,818.6,42407,34299254.85,19-JUL-2021,2964,INE211R01019,
POWERMECH,EQ,803,813.1,785.65,789.9,789.9,808.3,53778,42704530.45,20-JUL-2021,3377,INE211R01019,
POWERMECH,EQ,818,818,781,785.65,784.2,789.9,60551,48241560.5,22-JUL-2021,3104,INE211R01019,
POWERMECH,EQ,794,815,785,802.75,798,785.65,77433,61896335.75,23-JUL-2021,4795,INE211R01019,
POWERMECH,EQ,808.4,808.4,793,798.35,793.3,802.75,20477,16357513.35,26-JUL-2021,2283,INE211R01019,
